156 67 151 147 61 148 162 158 161 163 185 177 173 157 152 154 153 147 148 139 168 105 60 1
42 85 82 88 88 90 103 114 129 125 140 136 145 167 177 177 153 138 117 107 112 103 95 2
134 62 133 64 123 134 144 175 180 223 229 217 232 228 221 226 218 195 169 148 152 153 149 3
108 103 100 91 103 104 121 131 135 125 167 180 205 176 199 187 174 168 138 122 104 104 34 1
85 86 85 87 87 36 103 143 163 161 150 132 115 100 108 137 157 166 147 129 121 110 102 2
72 97 53 67 164 86 126 121 123 124 128 154 135 133 158 136 145 140 118 140 133 62 61 2
35 38 39 39 42 124 141 150 161 214 219 205 169 135 153 147 148 126 112 105 110 58 50 4
75 65 84 160 131 170 169 170 194 199 200 204 212 200 179 182 184 170 170 171 168 137 78 3
73 116 186 83 112 151 169 140 179 130 187 191 197 202 97 81 121 113 106 55 47 56 62 1
47 46 50 49 47 97 112 107 166 182 194 180 194 193 192 185 182 160 124 121 121 114 46 4
91 86 75 41 94 99 106 160 130 122 178 229 230 236 238 211 170 123 105 102 94 49 100 4
118 109 107 106 112 38 149 155 159 156 159 176 162 157 180 178 175 171 152 141 126 127 44 1
104 41 84 106 116 119 124 176 155 197 200 196 166 155 149 180 117 190 143 141 124 121 119 1
38 49 41 46 70 69 95 109 120 178 192 192 185 182 181 176 172 161 130 94 106 57 74 4
40 42 43 42 42 127 117 166 129 139 167 182 181 189 171 179 188 158 144 151 137 129 52 4
47 51 89 89 97 94 117 118 136 176 196 163 157 150 172 175 173 163 144 131 122 125 112 1
126 106 119 50 115 127 126 156 148 175 163 183 166 174 169 163 165 162 131 140 130 114 131 1
36 39 40 45 63 94 97 115 170 183 205 196 173 171 163 170 147 144 142 115 109 114 100 1
55 60 54 52 59 113 127 137 190 209 224 217 219 222 214 212 203 182 144 153 147 126 52 5
44 44 51 48 103 106 107 133 184 206 185 219 230 203 205 213 177 162 128 122 109 114 45 5
89 106 97 97 100 109 142 151 194 201 198 190 198 201 193 198 196 174 158 163 134 113 115 3
96 101 113 115 49 111 144 175 200 220 213 164 147 121 125 114 117 126 123 128 117 121 56 1
72 62 46 34 60 63 55 74 79 112 89 89 109 139 122 85 111 109 72 23 47 57 36 6
86 54 67 50 122 140 137 135 141 156 179 187 194 214 206 197 197 174 171 182 164 171 174 3
63 85 154 124 94 76 86 184 180 194 204 219 206 222 200 195 177 190 190 168 162 124 75 3
103 99 81 84 97 93 105 139 177 200 190 201 167 159 140 142 131 137 123 114 112 45 44 1
129 70 120 74 69 63 138 154 202 232 239 232 233 227 222 215 189 169 163 152 161 108 74 7
97 93 95 92 91 100 135 131 159 121 135 108 142 172 168 159 155 160 137 133 108 110 102 2
86 84 84 80 81 81 90 114 129 121 93 95 85 84 97 107 112 115 114 101 91 94 86 2
102 99 98 93 45 100 110 110 145 165 197 187 187 175 172 179 158 137 129 111 110 104 96 1
112 71 57 72 112 109 107 122 152 193 199 205 207 209 217 203 184 181 125 118 119 102 120 3
42 44 42 39 36 95 98 122 138 198 202 183 150 145 175 175 185 172 137 118 119 54 67 4
149 149 57 134 130 133 157 186 193 214 201 212 206 205 207 201 201 205 190 174 178 166 162 8
24 41 47 53 101 103 153 182 195 206 196 183 176 144 164 186 199 196 163 142 132 128 110 1
31 36 34 34 35 33 36 29 77 98 84 111 147 106 118 87 63 47 6 68 12 34 42 6
63 128 138 92 183 140 172 167 172 188 192 189 188 178 186 183 184 180 195 201 87 92 112 3
103 96 108 91 143 115 120 171 180 169 180 185 182 164 173 166 159 179 78 179 185 169 92 1
138 178 156 111 54 125 123 170 203 241 239 234 237 237 228 226 194 144 133 138 131 136 129 7
49 53 40 36 49 39 126 114 141 138 147 176 164 167 165 144 125 133 128 108 45 78 41 2
120 94 119 57 50 110 145 152 199 199 229 220 227 221 197 218 183 182 153 132 121 125 116 7
72 75 59 64 62 117 125 137 212 236 234 234 233 236 234 232 217 148 134 137 128 131 131 5
136 96 74 67 68 58 129 160 191 218 232 232 230 232 232 218 196 151 144 141 139 166 63 7
83 82 81 81 83 35 92 105 112 117 126 112 103 102 101 109 109 108 104 97 94 91 42 2
150 131 129 100 71 116 142 174 192 223 229 234 232 226 230 224 219 158 160 162 140 152 164 7
212 111 205 173 171 93 156 218 196 217 226 218 220 222 224 214 230 227 225 189 94 215 175 8
122 42 78 55 131 144 179 201 197 189 220 203 231 232 204 178 187 175 171 163 171 44 158 3
81 53 57 52 43 37 120 133 187 229 228 230 228 218 218 200 162 144 134 125 129 68 72 5
116 111 51 94 97 104 121 166 201 167 170 172 172 187 176 171 193 195 162 154 146 132 129 1
49 56 88 91 91 91 122 150 155 158 167 152 122 111 128 145 141 142 142 128 117 110 111 2
110 100 103 69 57 62 131 147 184 235 227 232 235 232 236 213 198 156 147 158 154 124 75 7
171 53 145 49 151 157 194 196 185 205 184 207 214 209 223 209 198 202 178 180 173 163 177 3
185 172 169 140 90 186 159 156 165 167 177 164 176 174 169 162 161 164 170 179 169 205 183 8
102 142 126 79 149 109 157 180 158 176 174 160 173 175 168 168 169 176 158 171 162 153 92 1
53 54 52 57 49 118 117 126 198 233 234 226 216 220 223 211 191 159 135 134 131 142 130 5
119 133 135 125 122 133 164 193 218 223 229 230 232 230 232 222 213 163 156 137 136 130 143 7
147 149 144 137 135 125 148 149 177 179 176 184 179 171 191 189 176 170 167 167 152 150 149 8
205 184 123 105 99 89 164 179 177 178 205 212 201 201 206 194 192 189 195 182 189 193 197 8
121 116 122 120 134 115 148 197 214 217 237 229 234 232 233 219 218 192 160 144 130 117 122 7
41 45 44 52 42 92 111 139 176 176 183 134 193 182 173 181 171 159 128 111 108 99 40 4
105 108 115 112 121 110 150 172 162 193 181 221 227 232 230 213 210 163 141 137 120 115 110 3
49 88 92 97 108 107 136 156 166 162 167 169 184 179 187 183 169 164 137 126 133 116 108 1
92 102 59 63 54 116 115 148 206 225 227 231 234 227 226 220 203 170 130 125 127 128 120 5
70 71 65 59 55 51 133 150 180 230 237 232 229 227 226 215 202 176 142 136 143 141 146 5
31 38 47 47 42 106 117 145 152 127 134 171 157 188 163 197 160 145 118 119 116 103 99 4
98 93 96 90 92 99 120 117 135 145 192 200 206 224 223 226 181 139 116 112 105 98 104 4
107 103 89 82 76 76 149 71 177 208 214 212 211 208 201 189 177 178 156 140 96 169 179 7
71 64 62 65 64 52 124 156 189 235 240 235 236 234 228 203 182 169 141 138 130 70 150 5
132 135 98 102 101 131 135 155 156 149 165 162 161 145 148 156 158 159 159 157 157 152 89 1
55 67 62 53 55 99 127 161 183 204 211 226 207 211 210 193 189 174 146 142 136 128 60 5
120 97 135 89 82 66 148 165 184 219 210 220 220 229 223 207 198 150 157 167 166 182 245 7
123 62 65 65 66 51 142 176 195 218 224 214 228 221 209 209 198 167 163 157 138 66 64 5
86 82 83 53 63 53 137 146 165 183 187 202 193 186 181 178 158 165 174 155 97 84 85 1
116 113 124 52 52 116 142 180 207 200 225 233 209 208 224 213 198 186 146 129 114 115 103 7
99 87 89 90 91 41 138 140 150 149 147 143 134 156 156 171 152 153 129 128 109 105 50 2
116 118 135 126 48 41 138 151 163 177 194 170 157 156 168 168 136 146 155 138 132 120 134 1
57 59 51 53 52 51 105 121 131 147 129 146 151 142 145 138 130 125 101 119 111 60 55 2
58 118 106 103 51 114 144 155 168 173 170 153 176 172 183 188 182 168 145 131 112 121 119 1
31 32 47 51 92 91 101 114 123 150 157 202 219 201 230 185 176 146 123 109 104 95 91 4
85 89 90 93 87 39 100 112 134 132 123 134 128 132 135 146 99 117 110 95 95 85 45 2
131 122 125 120 130 154 166 183 188 174 175 164 176 198 205 195 179 173 166 157 153 145 130 8
100 101 97 98 96 101 111 120 137 138 140 138 151 142 145 144 144 142 122 124 111 107 40 2
97 96 91 92 92 98 113 118 127 126 190 212 231 215 218 210 156 123 111 97 92 96 92 4
58 116 54 54 42 115 144 152 201 158 213 227 210 232 220 232 217 177 129 128 125 124 121 5
127 99 131 70 65 54 139 160 200 236 220 230 230 234 232 215 199 152 134 150 134 138 170 7
162 156 142 143 91 128 144 158 158 170 150 165 154 159 146 154 163 161 155 147 142 145 91 1
136 69 113 60 59 117 117 169 198 233 231 231 233 234 234 225 214 151 129 124 129 127 122 7
