b1 b2 b3 b4 b5 b6 b7 b8 b9 b10 b11 b12 b13 b14 b15 b16 b17 b18 b19 b20 b21 b22 b23
249 108 131 90 123 223 176 170 184 184 201 200 200 198 208 205 188 196 194 192 81 218 111
220 247 101 125 249 96 97 167 182 188 192 193 198 203 201 194 193 199 196 200 180 159 141
92 79 71 42 49 90 95 130 154 181 170 187 187 146 132 120 109 107 103 99 94 46 41
41 41 42 59 45 40 89 117 146 168 132 188 178 157 128 118 115 95 106 97 91 88 48
73 92 82 86 84 111 72 77 88 105 202 212 212 222 218 203 194 209 169 83 161 79 70
79 108 108 82 131 135 78 84 70 142 53 207 207 215 215 206 201 193 101 171 161 145 126
190 205 199 92 126 86 171 173 183 209 212 213 212 211 208 201 179 179 201 175 70 200 228
120 103 126 132 145 47 82 168 207 202 220 218 219 209 213 208 194 182 194 183 174 143 246
57 49 54 41 38 95 99 111 157 165 208 220 198 184 126 135 142 123 103 99 108 46 49
55 40 42 60 96 84 92 98 101 95 132 188 219 207 174 120 118 111 57 104 54 55 45
68 52 46 51 53 102 103 133 149 172 189 189 174 161 163 135 119 111 111 109 114 44 39
34 39 42 56 42 44 57 116 148 173 176 190 208 193 188 166 143 126 125 108 108 54 46
45 32 52 49 36 45 44 48 58 57 125 80 65 140 187 168 138 137 156 52 35 47 46
52 51 46 57 40 47 43 46 38 75 47 172 137 151 155 176 131 148 81 72 54 43 52
46 38 101 144 203 199 134 151 199 215 212 214 223 221 225 222 216 226 221 82 63 61 48
154 141 81 198 214 207 170 189 232 221 90 223 221 226 230 227 227 224 171 213 239 55 114
88 60 75 57 76 90 104 121 140 172 164 183 169 162 150 138 132 137 121 124 127 45 28
188 125 176 138 161 201 197 197 204 204 186 202 203 205 197 205 199 203 195 213 210 200 176
51 46 50 46 44 96 99 131 165 163 225 211 200 182 145 137 116 114 111 109 113 41 32
34 35 36 53 36 37 38 113 162 176 177 201 219 190 178 166 160 133 132 114 111 41 39
67 69 60 70 149 94 110 194 203 186 211 205 206 218 207 212 199 185 202 106 82 65 75
141 71 122 222 172 235 123 210 208 205 76 207 207 218 213 205 209 200 220 129 211 111 74
36 33 36 43 35 36 96 108 137 182 186 140 118 125 144 164 167 149 109 40 86 44 38
28 38 39 56 39 97 107 104 130 131 160 169 211 196 182 141 117 114 123 96 97 52 47
43 44 39 46 35 31 45 26 45 42 46 59 79 141 85 196 129 94 153 51 44 46 45
37 38 36 57 32 37 30 44 38 49 45 72 64 106 141 138 157 40 62 34 42 42 35
61 93 87 44 44 91 110 111 131 145 137 133 107 101 100 99 101 104 42 94 96 104 36
92 44 42 57 87 93 94 100 109 103 114 105 105 104 97 98 104 102 64 95 85 88 46
59 111 104 48 40 94 103 143 171 183 228 222 217 221 199 149 148 131 136 137 133 99 44
39 50 44 62 83 86 80 86 87 119 140 214 214 202 114 96 89 91 115 100 100 62 89
80 48 49 44 46 94 93 94 115 128 171 199 200 187 135 125 115 105 100 104 92 37 39
29 34 33 54 31 35 74 95 116 134 145 228 227 220 196 140 120 104 113 97 95 41 46
74 87 85 41 88 84 86 95 111 141 164 164 181 135 144 135 99 102 96 91 86 42 44
28 34 35 52 35 41 92 94 116 122 118 188 184 155 121 102 96 92 58 90 92 60 49
40 48 44 49 42 41 128 125 159 170 199 185 174 162 167 162 155 142 135 126 130 46 44
50 51 49 64 43 47 114 126 163 175 180 184 209 196 179 165 166 143 150 146 143 76 55
58 75 78 59 54 38 43 119 128 182 200 185 189 187 173 156 160 159 160 145 95 72 64
48 98 55 77 42 38 39 138 125 130 74 154 164 173 172 182 156 148 94 146 184 52 55
69 88 133 126 84 96 108 178 184 203 198 203 202 215 207 197 205 200 196 112 75 91 124
120 89 113 136 177 122 117 165 195 199 67 202 207 210 213 208 205 210 138 202 208 115 88
58 60 179 125 91 163 123 143 183 209 227 210 230 229 220 224 230 217 213 111 57 53 43
166 177 151 150 182 131 180 115 166 149 82 209 237 224 204 225 211 212 106 232 220 78 107
47 62 120 123 106 106 123 147 155 193 217 226 227 204 215 206 178 163 139 139 47 49 48
48 40 56 71 116 115 118 135 171 196 220 206 185 209 186 166 168 144 138 128 125 109 57
118 170 228 201 196 220 205 218 223 225 233 219 223 237 235 234 231 231 223 87 101 80 68
246 212 228 235 226 222 193 201 230 234 88 237 239 240 234 239 236 232 92 206 243 47 231
47 36 41 36 32 54 46 40 42 56 66 79 120 147 138 145 141 141 57 59 5 35 64
33 31 42 64 48 70 41 32 39 38 40 138 145 114 148 147 125 121 70 45 50 39 7
54 66 95 69 142 62 89 63 76 52 46 58 72 153 77 44 61 68 69 91 8 140 136
57 49 15 69 100 25 193 97 55 69 67 169 69 204 81 133 122 95 92 195 87 114 51
52 42 45 39 40 94 107 112 127 122 127 108 117 99 99 97 102 103 101 98 95 42 42
43 39 40 59 43 97 95 100 102 103 103 119 116 122 105 95 99 99 59 99 92 38 39
77 87 78 76 54 88 92 91 104 127 134 184 189 125 104 95 90 98 96 53 89 43 44
38 36 40 60 38 50 49 96 97 103 118 138 157 159 124 91 95 97 59 116 98 48 50
70 55 63 55 73 45 153 169 180 203 213 209 213 215 216 203 177 174 160 155 160 83 130
79 51 48 69 53 55 53 148 160 184 182 199 214 211 208 200 191 174 180 170 177 71 71
36 41 44 44 37 43 113 132 195 220 205 204 210 183 190 183 170 166 135 126 124 47 44
45 40 41 62 40 46 87 110 162 195 207 223 207 214 201 192 176 149 80 126 120 72 46
51 57 50 43 63 100 126 126 146 177 201 208 188 174 179 143 124 127 116 97 111 38 35
42 33 37 52 33 41 96 105 113 167 176 190 196 201 192 169 164 129 73 113 106 46 44
46 77 50 50 47 57 64 69 117 183 177 190 185 190 179 188 193 170 160 151 66 55 103
87 65 66 136 123 56 47 116 165 160 83 165 167 176 186 176 161 159 124 139 205 96 43
46 47 44 34 42 31 42 34 37 58 74 97 151 179 126 119 145 135 126 47 45 51 36
38 31 46 50 33 32 42 52 55 66 46 151 108 130 151 121 120 143 66 44 33 45 28
51 51 93 57 98 90 94 96 117 122 213 219 225 205 137 102 96 123 141 101 94 89 85
92 42 44 57 93 34 28 92 97 112 137 224 223 151 118 100 93 87 96 90 39 44 53
55 95 90 82 82 86 83 99 102 103 167 211 217 216 220 233 212 227 190 181 36 80 15
52 80 54 110 110 105 97 100 84 97 53 207 223 223 221 223 215 238 86 141 82 57 58
98 93 88 39 90 92 109 109 126 115 165 171 165 135 121 106 97 101 106 99 116 101 107
89 45 46 60 88 40 86 84 97 107 106 117 109 124 119 128 130 114 115 98 92 52 92
50 39 41 38 45 95 109 121 156 161 192 176 143 126 127 110 116 111 114 107 103 48 42
48 38 43 62 47 85 89 113 112 125 151 155 174 169 149 127 131 108 116 87 50 81 49
70 39 39 34 37 81 82 90 96 93 116 136 132 98 97 84 80 86 85 83 78 40 45
81 56 48 64 84 79 81 82 80 88 84 109 127 98 91 78 82 80 67 88 38 47 47
44 45 43 41 41 78 100 116 137 155 168 172 151 137 120 107 106 106 107 98 96 40 41
62 36 38 55 41 80 93 102 109 123 131 137 141 149 134 111 111 95 109 92 91 43 50
48 54 54 52 54 46 49 59 45 126 161 175 177 174 184 188 160 185 80 65 63 51 50
67 53 55 60 52 44 49 48 60 149 109 176 174 175 175 165 169 176 81 52 66 54 66
68 113 153 69 63 67 170 166 188 192 207 208 208 207 201 198 192 175 149 163 176 89 186
151 82 79 89 69 96 165 165 168 200 102 209 199 210 204 206 191 178 180 175 174 102 198
101 114 101 97 101 83 164 178 201 214 216 220 217 216 212 204 202 168 173 166 170 101 100
106 113 88 122 87 93 165 182 172 198 200 213 217 217 220 226 203 191 181 192 182 228 136
91 90 51 46 80 91 105 120 137 149 173 165 137 125 120 103 102 100 94 85 83 78 81
36 43 42 58 89 37 35 106 140 119 134 130 124 119 105 103 96 97 108 92 37 39 49
51 53 46 50 48 100 98 124 138 180 203 207 211 211 198 190 164 154 121 112 114 83 65
61 52 54 67 47 61 96 108 124 189 174 215 223 218 208 207 194 144 137 112 111 58 85
76 83 82 76 91 90 95 93 113 166 202 208 197 143 120 117 104 108 96 101 88 39 38
37 40 41 57 49 53 94 93 120 132 130 198 216 213 152 118 110 114 115 97 97 99 39
53 39 51 36 43 39 50 40 60 182 105 178 189 174 180 176 168 162 87 46 43 58 50
209 47 51 87 94 86 56 64 103 164 81 197 197 198 193 166 187 211 89 164 80 58 45
78 80 42 43 73 83 83 83 84 109 164 151 131 91 85 84 76 89 89 84 83 79 45
79 47 81 92 77 38 78 78 85 90 91 105 102 89 94 86 87 81 99 88 79 38 83
92 97 77 104 91 90 89 108 131 149 162 174 181 157 146 125 116 107 104 97 97 45 43
36 39 39 55 92 46 95 105 116 128 131 204 208 194 165 165 128 122 118 114 105 103 50
34 139 135 171 127 119 158 149 137 219 212 205 213 210 208 219 203 199 196 139 54 122 62
222 60 88 156 235 156 86 102 197 197 168 219 218 219 221 219 216 218 203 173 138 116 62
140 99 180 183 170 156 188 193 203 202 207 207 214 212 217 215 207 208 190 146 79 112 115
108 82 147 158 196 190 171 193 195 203 147 224 211 220 218 213 207 211 201 183 189 132 111
42 44 41 38 39 37 94 105 119 137 201 195 187 185 178 168 129 119 109 50 105 46 45
39 38 39 57 47 94 91 91 120 155 152 196 201 208 189 194 178 139 146 110 105 43 48
97 124 111 109 114 95 179 190 202 206 211 221 223 222 218 206 199 198 180 184 197 140 115
123 125 105 130 106 103 157 187 189 207 210 216 226 213 218 215 205 194 198 201 199 136 210
83 48 41 46 41 100 109 104 149 171 187 197 194 188 174 159 141 146 122 116 116 50 43
40 35 35 55 36 34 104 109 151 195 205 201 199 208 190 183 170 171 146 128 119 60 57
73 65 71 52 59 62 150 155 195 226 226 231 221 222 227 208 196 166 138 96 181 56 58
70 68 60 77 51 54 50 163 157 204 217 222 221 224 221 216 198 169 176 167 177 132 56
104 132 118 127 116 100 103 136 182 186 202 208 207 203 200 202 208 196 189 123 176 91 96
143 115 126 146 107 128 144 188 211 204 100 204 206 205 197 200 192 194 189 183 196 100 128
76 133 133 108 93 115 140 180 184 189 203 208 206 214 198 208 204 192 176 165 130 105 100
77 84 91 107 120 116 171 182 180 198 206 204 207 204 206 205 190 192 211 193 194 93 81
147 70 201 80 110 123 191 198 229 222 217 211 211 215 225 225 212 218 199 93 74 167 111
228 95 201 208 227 229 223 224 213 220 137 226 226 230 231 228 225 226 226 210 179 145 73
80 39 46 41 46 84 97 93 127 102 182 178 150 95 95 91 90 107 95 90 92 43 51
39 36 36 55 43 83 86 91 106 102 104 175 207 172 129 104 101 89 103 82 84 49 48
87 52 85 86 81 86 91 89 112 134 164 191 152 123 119 103 108 99 89 85 100 46 47
48 45 43 61 54 85 86 98 109 120 123 188 175 184 148 127 110 107 80 101 95 84 58
89 67 67 68 62 48 132 156 192 226 228 227 227 221 221 209 199 162 145 141 147 80 79
59 64 61 73 55 50 57 133 150 186 192 216 230 228 217 225 215 179 159 148 149 115 62
74 69 91 74 71 82 76 86 87 187 210 212 221 216 213 192 183 198 123 71 73 76 69
91 65 64 83 65 60 61 75 66 185 145 221 211 217 219 195 182 194 119 102 151 99 84
49 48 40 44 61 60 37 46 59 76 121 151 168 144 161 118 164 111 113 59 54 56 45
131 96 58 62 41 44 55 58 126 126 92 192 147 164 175 211 187 167 120 114 55 56 40
52 51 79 43 59 87 109 118 134 142 129 106 112 97 95 91 96 101 98 97 91 46 40
44 39 41 59 39 82 91 107 111 113 126 143 158 140 104 101 97 91 104 91 90 48 48
43 39 41 38 36 97 90 94 94 99 141 208 201 199 156 141 107 110 100 48 93 43 41
38 39 40 58 44 102 96 97 115 201 157 243 220 129 126 118 94 99 112 95 93 38 37
99 86 106 146 155 164 162 164 176 189 183 182 172 168 161 162 162 166 162 159 77 92 74
84 72 77 92 163 162 163 170 184 179 196 182 175 167 165 160 165 173 180 175 164 70 94
69 118 130 76 107 91 91 84 129 195 222 222 220 224 220 210 206 209 212 85 117 86 41
141 66 61 85 184 65 48 64 93 183 143 216 211 218 226 214 209 210 155 212 190 83 62
169 76 105 174 124 139 177 184 188 210 217 214 216 211 213 204 200 196 183 201 144 138 101
102 106 135 124 131 146 171 191 193 205 54 217 213 217 220 208 207 205 200 180 185 122 89
59 146 103 84 132 112 180 175 191 213 219 221 220 223 222 204 204 197 175 126 104 138 40
187 59 121 126 132 108 115 186 208 224 153 225 220 225 233 225 221 218 205 200 205 56 58
45 50 77 79 85 42 87 103 114 148 139 143 127 104 97 92 93 105 91 90 93 44 42
40 40 38 56 35 83 85 102 132 118 126 128 154 136 120 113 97 94 109 91 85 84 53
76 46 77 61 51 84 85 90 97 96 152 186 175 114 107 87 81 84 79 79 86 44 40
55 38 39 59 84 82 88 84 93 100 134 209 213 153 119 96 93 88 98 87 83 55 54
75 85 69 64 62 67 149 163 190 224 220 228 223 228 221 214 178 152 137 134 154 128 75
87 66 68 78 59 64 123 135 164 204 139 211 227 232 230 225 183 172 155 141 135 69 111
78 170 120 125 172 122 145 180 213 218 231 228 226 224 224 218 212 209 208 177 201 124 98
191 53 98 120 106 130 99 182 204 225 171 228 232 233 233 227 216 218 216 216 81 108 83
74 80 53 70 89 92 103 118 145 165 191 179 172 133 147 143 119 125 111 43 103 41 37
36 38 37 56 43 46 98 110 162 161 172 171 186 183 173 152 132 116 61 107 105 99 38
84 144 100 93 105 85 95 118 198 187 189 199 217 197 185 199 196 201 178 182 60 78 83
150 119 126 149 128 146 130 174 191 188 136 199 196 198 199 217 208 194 194 170 196 80 65
42 46 41 38 57 54 59 52 68 169 173 177 219 192 164 191 119 220 127 71 42 49 42
52 48 44 90 46 58 48 53 74 164 59 155 195 213 163 184 182 143 100 75 46 50 48
81 78 44 55 83 41 94 107 117 101 123 140 104 87 86 79 80 87 85 87 86 46 81
78 72 78 54 82 35 27 84 91 95 94 113 120 95 87 81 79 79 99 87 34 37 77
65 53 72 60 45 63 146 135 149 185 202 196 209 182 186 185 185 185 174 186 59 49 73
55 68 46 59 47 54 42 133 160 154 175 174 182 195 159 155 170 159 164 146 143 62 55
120 109 55 61 110 44 134 141 145 153 173 163 155 140 144 128 132 150 142 139 134 46 200
124 42 44 57 46 34 38 130 153 161 153 178 151 155 142 148 140 146 154 138 127 43 101
53 88 77 75 81 44 89 101 97 115 155 108 77 74 81 76 75 98 97 102 44 86 92
77 38 41 56 76 86 80 78 85 98 91 80 77 74 72 76 74 75 90 75 74 38 75
92 92 93 82 93 93 92 99 103 187 211 228 216 169 111 137 99 93 94 47 97 61 62
42 45 46 75 99 94 95 104 98 128 166 233 220 205 119 114 100 105 62 100 94 35 36
37 36 40 45 39 79 115 115 173 183 218 196 198 125 151 144 153 178 111 104 112 39 42
40 39 40 57 39 45 99 114 98 168 148 132 155 170 149 138 151 151 149 139 119 42 98
38 34 41 39 40 33 108 136 121 161 215 206 199 149 156 156 170 145 117 116 109 56 98
40 43 44 62 49 108 100 107 129 171 148 218 211 208 222 191 142 147 124 109 103 42 57
89 87 85 83 89 89 103 115 120 133 161 166 146 126 122 129 113 112 98 40 99 70 66
41 40 42 59 95 89 98 117 125 142 142 153 147 172 148 127 126 107 108 92 98 94 87
84 78 81 83 78 42 88 99 112 100 100 128 103 83 92 84 92 126 133 135 98 131 92
87 50 84 58 89 84 86 87 94 106 99 101 86 86 96 91 90 84 89 77 81 45 82
54 41 76 48 76 81 91 109 108 115 124 129 95 88 89 85 82 91 92 86 89 48 43
42 38 39 56 80 81 87 92 98 111 117 149 154 150 110 108 93 94 100 83 86 87 84
85 84 80 47 78 41 81 88 92 124 169 159 137 104 89 82 79 87 84 85 82 84 83
75 50 81 66 77 82 77 77 78 87 85 96 83 79 76 79 79 76 88 79 38 38 75
94 96 94 44 87 45 119 130 148 183 186 171 153 132 119 113 105 113 106 108 101 91 46
47 77 63 102 88 92 101 113 133 139 136 163 170 153 132 127 108 99 112 101 97 87 88
172 148 146 97 184 117 182 181 205 201 209 200 210 202 201 211 197 203 179 201 112 179 85
209 111 52 125 183 104 195 189 198 199 230 220 210 207 184 193 196 193 165 194 131 120 63
201 200 132 104 228 150 195 197 198 213 224 216 225 219 222 224 220 209 194 194 141 238 220
168 114 142 133 189 200 164 195 202 210 197 224 224 219 220 216 218 225 215 193 156 243 65
55 65 72 44 78 83 89 93 104 112 117 127 100 95 93 88 86 89 86 38 81 44 70
41 35 37 55 79 78 83 99 117 123 121 126 133 139 118 100 102 89 100 85 82 80 80
44 49 45 44 42 39 112 120 153 197 218 217 226 201 220 192 156 143 126 125 123 102 69
51 50 48 65 45 49 105 110 110 178 131 199 223 217 211 207 178 153 141 120 118 44 51
49 68 45 42 46 106 93 106 114 197 221 220 208 181 153 134 107 115 101 51 96 47 73
20 35 36 52 36 44 88 91 116 161 168 197 216 179 142 126 130 130 119 101 100 49 43
86 87 87 93 95 46 105 115 117 121 112 111 103 89 92 88 97 102 93 96 96 90 44
90 46 46 63 83 83 85 90 85 87 90 103 117 113 112 92 88 88 100 89 85 82 86
47 86 87 37 40 85 97 103 97 99 92 93 85 82 84 78 88 98 98 92 99 47 76
56 41 43 60 85 89 94 92 86 84 90 88 89 95 82 82 87 81 96 78 78 78 82
85 141 186 78 65 79 67 134 188 212 224 222 225 222 221 206 201 190 161 83 86 109 94
86 67 54 79 49 44 55 101 190 205 61 222 224 229 212 210 195 194 186 200 79 96 70
88 45 87 44 85 97 108 102 112 104 123 89 92 83 89 85 86 94 108 94 98 50 71
82 46 47 65 87 82 89 89 84 90 90 109 120 111 96 103 94 87 103 87 86 84 83
203 197 181 225 145 115 160 159 176 174 202 197 181 175 181 183 181 187 181 128 215 118 193
127 113 81 100 93 34 141 175 170 180 62 205 184 170 190 181 158 181 170 191 194 209 51
47 53 54 44 45 47 124 163 202 226 216 222 221 207 216 203 183 176 144 124 119 74 102
48 52 49 66 48 66 109 123 185 210 227 230 231 226 219 217 170 160 141 123 123 56 50
73 61 68 54 50 47 167 174 179 196 213 220 222 209 218 198 194 178 178 179 169 51 85
76 41 82 72 57 64 72 156 170 203 207 220 219 220 216 220 192 169 163 171 180 91 85
96 50 127 108 132 117 136 161 174 174 170 148 148 129 121 122 130 121 128 108 96 90 22
22 37 47 67 98 129 136 161 174 178 182 148 137 126 119 121 130 137 120 106 126 41 34
53 46 62 70 51 60 46 71 151 148 171 176 173 190 164 188 166 168 148 85 55 68 51
127 79 66 101 72 122 65 146 177 181 158 190 199 201 196 188 186 187 183 191 79 71 70
82 85 96 79 74 53 154 163 194 219 220 236 227 224 222 209 185 165 176 160 196 163 103
64 56 54 68 54 46 132 129 138 204 214 223 225 224 221 214 178 154 161 165 139 89 110
101 113 110 136 166 129 174 168 179 200 207 188 192 199 186 171 186 180 159 193 197 89 167
94 114 79 94 74 154 81 167 183 182 113 204 201 197 160 193 161 170 189 179 212 150 76
47 52 64 49 55 61 74 98 99 129 135 131 124 140 107 113 96 108 101 75 91 52 84
36 35 36 55 23 41 63 35 44 47 7 38 85 46 57 52 30 42 47 26 19 12 35
220 146 83 72 68 71 150 182 174 199 210 204 204 193 196 191 189 186 167 122 182 200 186
94 165 71 91 74 68 138 167 170 188 193 203 195 195 203 196 191 185 196 181 180 123 180
47 46 40 54 82 87 99 97 121 143 153 165 156 165 130 140 139 123 124 92 89 86 75
22 37 41 57 39 35 64 95 138 195 186 186 195 176 150 136 144 131 121 100 103 52 42
38 26 46 41 39 33 90 80 114 128 110 50 90 63 82 35 46 62 116 78 60 42 47
42 40 40 56 37 35 34 29 40 81 60 92 8 46 32 73 66 73 38 39 51 50 40
51 51 53 48 45 95 99 98 120 159 205 204 194 174 165 153 125 121 109 106 105 53 97
32 38 38 54 37 60 93 101 131 167 175 201 207 193 195 186 171 164 151 120 113 59 52
36 51 46 39 41 11 17 42 38 61 50 4 12 55 24 49 2 23 20 2 30 45 48
38 32 39 55 39 30 19 17 32 11 20 27 79 53 32 28 62 49 40 12 18 34 40
139 115 171 78 76 125 164 177 187 217 220 225 231 227 227 220 203 193 160 180 176 197 76
96 97 86 104 82 77 121 169 189 203 209 212 230 230 229 227 209 186 195 181 180 157 175
98 95 92 64 87 45 107 130 152 152 183 148 154 129 124 131 124 117 119 105 45 97 47
93 47 47 62 96 96 110 119 132 141 132 140 131 132 126 122 126 122 112 102 92 94 98
186 93 118 71 67 127 140 161 185 228 229 229 228 224 224 217 204 157 157 158 163 184 155
161 68 59 83 54 60 132 154 194 203 205 212 228 229 231 225 213 176 172 169 154 154 177
82 83 93 79 81 101 105 117 147 176 190 182 138 109 108 103 93 107 101 97 98 85 48
84 54 46 99 82 106 92 94 114 109 118 117 122 118 105 117 112 115 113 91 96 85 60
50 99 89 44 47 96 96 133 160 178 197 193 170 147 159 160 148 138 126 106 96 98 95
40 40 43 57 96 77 91 112 147 152 182 181 200 179 153 146 141 130 122 103 103 100 44
34 34 38 38 37 94 97 100 103 105 170 214 226 212 227 219 201 163 102 92 92 58 85
40 40 40 56 42 80 92 93 112 186 108 208 227 218 220 197 133 126 113 100 96 41 90
47 40 47 44 42 34 112 129 192 208 221 231 218 207 194 187 167 142 150 115 38 39 37
59 44 46 62 43 42 24 123 163 190 200 218 217 207 189 207 168 117 127 151 157 113 94
145 114 150 116 141 141 175 178 188 204 196 179 134 121 110 108 110 109 116 119 85 106 108
41 37 37 51 96 93 102 96 164 143 79 146 124 109 102 98 95 94 108 100 111 32 41
48 49 52 50 48 35 131 136 175 224 229 225 227 217 221 207 157 147 139 139 137 118 42
62 57 49 64 50 43 77 123 156 205 197 224 229 225 220 225 205 169 159 147 147 118 119
45 44 47 44 42 33 116 166 178 190 185 186 169 176 172 170 166 166 161 146 135 140 110
42 42 45 59 39 42 100 124 140 162 165 178 172 176 174 177 173 164 156 138 125 42 45
80 80 86 76 79 38 83 111 118 101 125 147 126 117 104 92 101 112 97 101 50 67 56
48 75 42 91 47 41 88 95 155 119 116 129 118 110 97 99 96 101 106 85 86 58 85
167 151 159 154 149 149 180 164 160 152 158 153 158 161 149 148 131 153 141 145 144 145 134
46 53 55 63 144 140 150 157 153 144 146 144 121 132 143 139 126 130 131 128 56 47 55
73 73 78 68 72 38 87 100 121 117 145 136 117 100 103 96 93 104 97 86 44 32 79
43 42 71 72 75 38 82 110 131 119 127 140 126 123 117 98 98 91 98 80 81 49 45
85 86 85 93 87 90 101 107 110 129 110 107 90 87 87 87 89 98 97 89 95 86 92
94 47 49 96 82 85 89 95 91 96 107 121 124 134 115 91 101 89 102 82 80 84 81
51 97 94 91 96 93 120 134 137 161 184 163 136 127 128 129 126 133 127 116 112 91 93
41 40 40 57 88 92 91 116 152 163 191 204 204 194 185 159 151 124 125 107 107 63 54
38 52 37 39 36 99 104 102 128 138 177 197 199 195 184 162 142 130 111 101 109 95 96
39 40 39 57 40 64 103 107 150 135 189 227 230 190 136 140 146 137 132 110 98 46 45
71 56 58 55 59 119 126 156 198 238 234 239 238 238 234 221 182 148 127 132 135 115 140
73 62 56 75 54 50 126 130 170 238 238 245 240 241 239 226 197 153 146 136 135 71 124
33 39 43 45 42 89 97 91 102 123 140 184 213 220 226 210 146 125 100 102 103 89 97
39 39 39 56 43 103 95 92 127 137 159 167 193 195 148 176 144 137 147 122 106 43 50
137 179 226 106 103 93 156 176 201 233 235 231 230 227 232 223 200 193 179 175 196 191 214
116 211 98 125 98 99 110 182 218 228 231 231 235 236 238 234 214 178 187 194 184 151 127
62 50 47 40 41 40 46 35 99 104 113 120 130 110 110 110 104 104 51 39 29 63 41
53 31 48 60 47 50 43 55 95 97 62 118 108 114 118 106 101 102 64 95 96 64 47
34 34 38 38 37 87 99 106 115 112 164 222 216 224 218 206 183 109 104 86 90 48 79
38 39 39 56 39 61 100 100 113 122 185 237 226 159 150 165 187 135 112 102 93 38 44
33 31 38 39 40 70 95 93 128 131 191 233 232 229 221 200 137 119 105 91 92 47 82
39 37 39 56 37 41 102 108 115 152 135 225 239 241 230 222 145 120 116 98 95 48 126
112 136 100 70 119 83 180 159 186 186 216 192 200 188 197 189 191 168 183 71 36 164 200
39 45 63 98 86 154 93 165 176 176 144 194 194 196 196 192 184 161 168 175 145 48 14
95 99 96 41 43 92 136 152 167 169 184 188 146 113 122 111 114 116 114 122 109 111 53
96 48 96 85 95 108 94 121 114 115 117 152 173 164 136 121 127 125 114 102 101 96 53
130 91 118 95 148 114 180 171 200 210 197 220 218 197 179 186 180 187 191 169 73 140 63
93 68 80 97 80 210 144 145 168 163 50 226 169 198 166 215 207 200 174 188 154 75 51
99 89 95 43 88 42 113 130 164 187 192 166 122 106 101 100 102 126 117 99 41 90 93
87 74 41 59 81 90 90 101 113 122 115 112 131 122 115 110 136 112 113 96 94 92 87
107 88 95 96 99 34 101 134 133 136 161 143 135 119 113 109 101 127 120 110 43 44 93
95 41 39 57 41 44 110 117 132 145 140 135 128 116 109 110 123 137 127 110 103 93 41
105 117 139 61 61 125 141 142 205 222 236 231 233 232 228 212 219 184 153 148 166 176 148
109 94 110 73 53 53 137 146 181 208 215 227 226 228 227 217 200 184 147 154 147 121 121
45 92 49 78 92 91 95 121 107 159 176 196 183 134 149 141 118 125 115 114 97 101 90
40 37 36 55 36 93 91 107 128 144 175 188 181 178 160 135 147 139 139 114 106 102 102
219 101 226 221 180 122 198 215 223 215 233 232 232 228 233 227 228 226 210 240 92 61 181
202 100 129 182 233 229 165 208 223 230 50 236 236 234 233 230 226 232 130 213 200 135 126
42 41 41 43 41 84 118 137 158 180 184 166 155 144 161 160 173 158 148 121 130 63 40
42 39 41 57 40 53 96 105 155 190 204 189 185 176 169 176 160 165 161 128 124 43 47
80 79 79 83 80 84 105 118 123 136 113 105 102 87 89 86 87 101 95 94 85 85 86
67 41 45 85 80 81 90 103 108 115 126 120 117 117 100 91 91 91 103 84 81 82 84
44 81 82 83 81 86 95 104 124 124 113 120 97 87 90 88 94 102 98 86 93 84 87
88 66 44 100 83 85 93 92 95 103 131 134 128 117 120 112 112 101 104 88 82 81 83
98 93 98 57 92 93 108 168 179 209 164 131 107 103 167 181 201 189 164 144 123 120 114
43 51 44 65 89 89 95 176 146 208 199 199 147 183 151 117 130 135 141 127 105 59 106
44 77 105 82 90 88 89 126 155 179 160 164 120 102 98 91 88 84 86 89 85 79 83
54 40 43 71 82 93 81 91 91 101 97 109 129 111 109 94 89 105 108 103 92 82 46
42 47 90 92 91 92 105 139 147 162 178 147 134 120 129 132 131 127 119 106 107 79 82
38 41 40 55 35 89 98 141 151 163 168 178 172 173 138 123 121 125 121 102 98 100 50
100 95 100 100 106 91 108 113 128 146 138 131 109 99 104 99 100 110 106 103 99 99 94
92 88 49 62 103 97 106 110 102 107 103 135 139 143 113 116 117 104 120 105 102 105 90
48 95 89 78 92 90 104 111 121 141 181 178 180 151 152 140 134 127 118 111 107 98 91
45 40 40 57 46 97 90 103 134 200 204 213 206 170 171 152 145 131 115 114 103 107 112
46 93 93 92 92 92 121 140 151 166 187 179 129 131 130 129 141 139 128 119 110 102 102
47 43 40 58 38 95 94 132 157 188 191 201 211 192 175 159 164 144 132 121 111 108 56
44 80 46 60 99 101 151 166 187 200 188 173 171 157 215 199 172 156 134 122 114 93 95
43 38 38 56 37 49 105 126 153 188 179 175 189 168 158 116 143 131 122 110 106 49 42
71 82 77 59 71 83 64 85 144 116 129 140 146 146 106 123 132 121 63 147 167 159 75
51 64 66 85 62 206 53 122 100 132 96 116 132 141 136 124 145 149 154 139 177 140 135
43 79 74 83 82 83 106 120 124 158 131 121 107 95 95 90 90 100 94 97 92 84 82
41 39 41 58 95 94 117 123 131 133 124 118 112 122 99 102 119 117 132 98 93 93 91
127 116 121 118 112 111 124 128 136 156 141 159 124 113 117 111 119 127 122 125 120 111 120
126 59 56 70 115 113 117 130 119 127 125 137 146 139 133 126 129 124 133 127 129 124 120
0 0 0 0 0 0 0 0 0 0 0 0 0 0 0 0 0 0 0 0 0 0 0
0 0 0 0 0 0 0 0 0 0 0 0 0 0 0 0 0 0 0 0 0 0 0
52 44 149 122 78 76 146 141 149 210 210 217 214 207 220 196 197 200 209 173 67 54 54
209 90 73 159 47 114 99 132 176 211 52 207 222 227 214 207 215 214 223 224 238 65 105
121 87 119 98 89 145 165 167 209 241 238 241 235 241 238 225 220 166 156 166 144 101 154
98 75 60 74 63 70 145 163 203 232 237 239 236 247 243 225 227 200 176 161 150 139 152
136 64 113 129 82 106 148 163 186 188 200 205 183 177 176 174 156 162 143 142 37 91 148
55 59 56 84 97 113 107 156 179 178 100 202 172 183 170 160 181 149 155 185 170 145 131
56 68 84 57 61 45 135 150 196 219 231 236 234 230 230 222 208 151 146 154 161 133 149
67 89 65 78 65 53 134 137 175 215 211 219 226 233 232 225 199 173 159 153 142 118 133
35 44 50 51 44 97 92 97 132 213 241 196 168 139 152 161 124 108 94 95 92 94 91
38 42 41 59 40 99 92 94 140 224 229 233 220 148 113 118 96 98 107 103 96 39 45
127 98 124 59 53 118 121 155 215 230 233 229 235 227 223 206 181 141 133 134 134 131 120
145 131 60 76 55 55 123 130 213 233 233 239 236 239 236 231 194 142 153 140 141 125 115
42 57 48 50 56 100 99 136 168 189 177 181 157 140 149 164 166 161 150 140 130 116 109
39 39 38 56 42 92 95 97 152 163 184 173 188 173 166 159 161 156 144 127 119 46 79
36 36 40 44 34 87 116 108 137 147 134 146 129 163 150 163 140 136 139 104 105 101 91
37 38 41 57 40 76 96 35 127 138 151 141 133 186 157 163 129 137 132 106 108 44 41
160 117 113 175 83 100 166 183 176 192 206 201 206 199 206 196 188 186 178 133 171 78 112
149 149 98 125 160 186 137 167 179 182 109 216 200 198 194 190 195 193 184 182 174 114 88
122 121 141 169 153 109 155 176 172 181 186 189 186 178 186 176 174 187 171 192 127 144 100
110 93 90 110 100 122 128 163 166 174 147 192 181 193 203 175 176 191 184 198 163 194 95
58 90 92 92 95 96 111 141 165 151 166 146 121 115 132 120 121 136 139 126 118 108 106
47 46 44 59 87 95 103 131 156 185 169 195 200 185 177 155 143 148 132 119 101 99 101
38 59 66 67 60 97 98 96 125 131 121 190 215 207 217 197 139 112 113 103 103 98 92
37 38 37 55 41 93 92 106 137 197 153 171 209 222 225 214 167 153 132 116 102 48 48
54 82 90 88 83 93 107 132 141 130 129 123 114 102 112 113 115 123 113 111 101 98 95
45 43 48 66 91 90 91 97 138 171 156 177 182 175 160 132 128 128 129 106 105 98 97
38 85 85 79 85 84 85 100 144 174 212 180 137 106 99 94 95 102 100 93 94 87 84
46 46 44 59 84 86 85 100 97 124 125 190 214 201 141 127 119 123 111 109 100 95 95
167 177 145 191 134 105 176 207 191 202 205 203 195 192 202 178 192 188 178 185 203 157 101
144 145 93 131 105 153 111 191 189 201 204 213 220 217 214 203 203 202 211 203 206 238 77
176 122 66 76 82 72 151 157 188 233 235 233 234 229 228 228 220 165 168 166 164 160 184
124 130 76 91 75 73 112 143 208 228 221 226 226 229 224 219 205 167 175 170 170 203 156
88 54 59 96 102 121 146 166 185 207 209 204 212 221 223 212 181 178 161 164 176 204 155
118 119 78 102 92 82 153 173 182 204 216 224 223 214 215 201 201 176 185 168 177 137 158
43 99 100 93 101 103 107 123 132 167 168 160 139 131 129 130 122 115 105 100 94 100 93
43 43 42 61 42 101 99 111 120 157 168 180 178 168 158 144 133 126 133 110 107 101 91
37 41 41 45 94 93 101 120 113 185 201 154 117 115 129 126 115 122 117 107 100 98 99
40 38 38 55 35 84 86 100 123 127 143 197 196 203 154 138 133 122 116 99 96 90 51
98 172 139 95 63 146 168 188 198 219 229 230 231 231 234 223 212 166 156 161 171 144 170
59 204 55 115 84 77 156 142 215 227 227 234 236 229 224 225 206 178 180 164 140 160 162
37 94 92 84 87 88 92 93 95 145 187 205 157 111 94 91 86 92 92 89 91 84 82
45 38 39 56 41 88 88 102 101 122 127 193 214 169 117 102 109 118 123 105 89 92 90
197 74 103 73 148 86 178 169 187 200 207 203 212 206 205 202 192 198 199 135 207 124 115
71 59 65 75 83 185 152 153 182 192 192 204 198 198 198 181 185 182 202 174 204 80 76
126 129 74 100 100 99 137 153 167 181 192 193 187 171 181 165 182 175 155 92 94 90 73
140 99 125 120 103 144 140 152 171 183 198 208 205 202 202 190 201 196 207 193 175 208 148
45 50 50 50 52 112 135 136 208 211 223 226 214 188 219 213 204 174 154 144 137 128 121
43 49 43 58 42 39 108 111 161 200 212 218 216 214 199 215 186 154 168 132 134 125 50
42 83 85 88 88 87 102 129 148 168 158 131 111 102 100 100 99 110 103 98 104 91 92
32 38 36 53 46 90 99 121 130 135 153 160 139 135 111 117 113 107 114 94 90 92 48
106 103 93 92 99 91 159 176 179 192 190 164 123 119 115 116 133 155 147 130 135 116 113
102 100 46 103 93 96 110 133 189 190 154 201 215 179 179 156 173 155 135 122 107 98 100
94 86 85 83 84 88 102 103 120 126 134 124 105 89 92 91 90 103 109 114 99 87 88
94 94 45 59 86 92 93 108 106 98 92 120 122 122 101 99 97 93 103 88 93 49 53
99 93 102 88 134 90 114 110 106 114 130 134 133 108 103 120 114 110 111 108 100 96 92
47 45 41 61 86 89 100 101 107 94 108 138 115 120 103 102 114 109 114 99 98 89 93
57 62 68 66 61 65 58 64 55 59 154 195 194 190 186 193 191 192 121 116 91 58 65
83 73 54 81 57 65 51 40 59 68 73 201 175 210 214 205 190 179 119 125 74 55 77
67 80 65 54 53 98 155 159 165 202 229 232 232 236 232 225 187 164 150 160 93 100 69
89 88 56 80 46 57 138 153 200 211 224 234 229 231 228 223 197 178 181 165 147 115 83
74 88 82 75 63 98 160 163 179 206 226 232 229 231 226 221 187 182 174 179 163 100 70
89 88 71 85 53 84 155 161 199 212 226 235 232 232 230 223 208 195 196 174 171 152 79
93 160 99 119 194 117 156 187 200 231 216 214 217 231 202 222 224 179 172 165 169 162 72
135 113 97 177 91 73 132 181 205 226 222 227 215 216 231 227 214 186 182 183 199 189 181
78 82 63 69 66 63 135 160 174 216 227 234 226 229 234 228 221 163 147 162 160 176 156
119 99 70 83 55 53 143 153 213 219 228 237 233 232 231 227 197 187 170 165 150 137 114
115 113 116 54 105 108 117 125 131 139 136 128 117 111 111 108 114 126 126 134 133 121 128
106 92 58 70 113 116 109 121 112 118 138 120 119 127 107 113 112 111 129 123 119 61 100
103 129 84 77 89 69 154 174 194 231 227 231 223 231 233 225 216 158 173 167 169 177 160
75 87 66 82 67 66 138 146 207 215 228 227 224 225 233 217 205 157 173 164 166 154 154
39 38 93 97 92 93 95 107 141 156 198 217 230 222 225 207 149 135 101 113 104 99 92
48 41 42 55 42 84 96 95 137 186 194 241 231 180 147 118 125 124 133 110 116 42 44
36 36 40 40 42 31 1 39 0 53 47 105 43 38 157 63 32 35 33 47 40 25 38
37 36 40 55 36 30 34 15 58 40 53 46 28 33 114 30 65 45 47 48 116 51 31
67 99 71 73 68 63 138 148 191 230 235 230 233 236 236 232 220 143 150 152 119 102 69
60 58 49 63 49 42 129 145 208 226 238 237 234 234 234 229 191 161 165 147 157 134 69
44 47 49 88 99 96 114 118 143 180 206 179 163 131 178 188 190 179 159 143 128 118 117
34 37 37 54 36 69 92 104 169 195 204 217 198 206 185 171 158 156 148 127 117 72 93
55 68 56 63 86 62 107 114 129 147 165 157 158 141 142 129 126 132 55 117 126 63 56
68 50 54 60 55 119 92 110 126 129 138 153 167 162 146 137 140 131 126 118 103 73 47
45 46 44 46 43 38 131 138 141 173 201 215 201 206 219 201 194 168 130 128 121 61 58
44 46 43 60 37 39 82 111 152 195 198 220 216 212 227 214 205 150 135 131 117 49 51
34 32 38 39 40 61 104 109 119 124 182 191 226 217 242 222 157 126 114 92 117 101 96
36 38 37 53 32 40 93 100 125 136 122 167 217 231 237 230 150 120 110 105 101 40 46
38 60 80 84 86 85 94 123 115 104 105 92 92 90 95 131 137 135 117 117 102 102 97
41 38 40 57 92 91 99 122 136 152 164 166 153 158 147 115 115 111 121 99 47 90 53
60 68 52 61 60 50 149 175 187 212 210 220 222 222 218 218 209 171 163 175 163 172 171
67 51 60 73 54 52 146 166 188 196 207 222 220 224 217 210 194 187 169 166 174 150 82
55 50 39 44 45 41 158 170 183 197 193 197 199 201 203 198 197 187 180 172 167 56 50
43 42 44 60 43 30 159 157 167 173 192 187 179 173 171 168 179 176 176 161 162 157 139
112 122 79 82 82 126 150 175 186 220 226 229 226 231 228 223 214 161 175 160 160 165 77
136 170 68 88 67 62 143 153 199 208 224 231 227 229 224 109 195 181 171 174 162 175 161
234 121 146 82 210 113 217 220 222 209 224 213 227 224 223 208 208 213 222 142 154 107 146
226 114 101 225 227 232 154 217 212 211 72 229 219 218 221 221 222 217 237 222 134 90 113
152 100 141 133 107 99 123 129 129 128 186 200 202 203 208 207 201 199 79 176 82 74 99
86 150 120 160 118 211 94 99 120 144 81 203 207 205 200 202 192 201 232 199 98 83 123
45 86 94 86 91 91 97 128 123 101 96 90 92 89 91 113 142 169 149 154 123 120 94
49 41 42 57 38 102 102 147 177 179 206 179 182 182 172 138 139 152 149 118 104 129 106
62 52 47 52 50 104 103 105 127 172 202 184 196 198 186 178 170 147 113 113 112 109 101
40 43 41 56 39 34 104 110 137 191 180 194 213 213 210 198 182 165 136 116 112 108 108
53 64 97 104 47 98 101 100 108 159 197 208 194 181 177 166 141 128 119 102 111 93 90
51 45 42 59 40 36 74 66 91 156 148 183 202 192 177 178 162 167 154 110 103 56 48
87 85 91 79 79 39 105 120 122 127 143 129 98 91 92 88 95 110 108 49 99 91 89
40 80 80 51 83 91 93 101 112 111 114 117 117 105 101 97 101 91 101 96 45 41 39
108 104 108 101 105 121 140 157 157 143 175 161 156 143 149 136 134 127 125 113 114 103 98
103 78 76 118 105 106 109 117 135 148 138 170 180 173 133 149 146 145 131 115 113 107 108
40 48 89 91 91 97 104 132 129 123 135 108 101 96 96 120 109 144 140 136 109 109 97
51 42 41 59 42 87 103 132 173 164 196 183 140 179 181 146 168 153 150 125 113 62 51
170 89 66 77 84 156 170 180 202 228 218 231 224 225 221 218 215 180 170 180 169 153 175
222 103 86 104 62 69 162 181 199 208 216 220 221 220 232 226 194 203 175 176 170 171 162
97 106 93 92 87 54 102 114 142 116 117 128 103 91 114 83 105 98 123 131 106 95 56
61 86 87 64 87 111 103 113 107 103 102 132 121 104 106 97 93 90 113 113 50 89 98
48 50 98 99 94 105 117 124 135 165 173 157 141 132 119 111 101 113 117 108 108 48 40
44 42 42 63 49 96 31 126 130 126 146 164 149 133 110 112 118 107 117 105 106 56 81
39 43 43 45 39 109 131 155 188 168 210 218 214 205 224 211 189 187 150 128 119 117 54
37 40 40 56 36 33 106 105 151 200 167 195 228 222 218 206 197 145 147 133 121 42 51
32 34 38 39 35 103 125 132 154 177 195 208 214 199 226 173 167 148 120 120 114 116 104
40 41 37 54 31 32 95 108 137 172 166 211 213 218 208 198 165 134 136 123 111 46 46
34 37 71 84 85 85 88 126 119 111 104 94 98 99 99 102 109 129 116 110 99 95 99
43 41 39 55 38 90 91 101 155 155 167 172 190 186 177 168 143 146 130 111 45 49 51
43 51 106 93 97 93 122 122 132 143 176 148 136 123 141 173 185 182 151 133 119 120 102
30 36 35 53 34 36 94 120 172 198 206 209 196 201 188 174 161 161 151 127 114 63 53
61 78 70 61 60 140 152 168 181 205 210 209 226 223 221 213 206 166 165 165 125 158 156
68 61 69 78 64 64 153 166 190 199 175 217 215 220 216 224 210 193 180 165 162 159 166
41 88 87 86 88 90 95 119 130 117 113 111 100 101 112 125 122 126 127 114 104 96 92
44 42 43 59 45 88 87 118 141 172 163 159 182 167 162 144 134 123 121 100 97 93 94
48 52 55 52 95 110 130 149 201 202 226 227 219 211 226 205 200 188 157 149 132 132 66
43 44 45 61 39 36 109 121 202 211 217 226 222 227 221 208 207 161 159 146 138 50 50
46 45 55 58 82 93 108 118 169 195 204 199 199 177 198 192 192 171 131 117 116 107 105
45 47 40 57 34 53 95 110 154 167 198 207 211 212 200 187 174 141 153 118 110 57 62
43 38 38 42 44 41 99 112 167 200 206 199 185 170 156 136 133 131 49 103 47 52 36
48 37 41 59 44 31 46 124 165 187 66 214 189 178 153 148 141 142 137 122 69 44 47
64 75 55 67 56 124 136 156 201 212 226 229 221 215 230 216 208 188 166 154 152 153 146
70 52 61 78 58 48 129 143 210 232 139 229 227 213 230 214 216 179 164 166 153 152 168
34 43 83 94 94 94 96 98 117 169 185 168 160 138 159 184 118 110 106 97 99 98 98
30 36 36 54 34 36 97 97 112 153 177 201 197 195 188 153 118 122 108 98 95 49 51
0 0 0 0 0 0 0 0 0 0 0 0 0 0 0 0 0 0 0 0 0 0 0
0 0 0 0 0 0 0 0 0 0 0 0 0 0 0 0 0 0 0 0 0 0 0
35 37 40 42 48 97 99 110 120 123 174 218 223 224 225 212 202 214 127 107 108 105 96
41 39 37 55 34 32 98 108 150 133 134 193 234 238 233 193 161 112 138 117 107 40 45
39 38 45 47 49 106 119 155 189 191 179 208 204 196 210 197 194 186 150 134 133 116 52
37 40 39 56 34 32 104 120 190 209 197 193 206 200 209 206 185 165 156 143 136 47 45
60 62 56 58 60 118 118 129 209 238 238 237 231 234 235 233 227 159 141 135 125 135 126
56 49 55 68 49 44 118 157 209 235 234 241 239 237 240 230 223 169 155 139 138 125 127
57 84 50 70 50 161 168 160 154 158 197 185 185 188 195 196 182 184 175 122 115 168 59
60 72 61 83 50 59 120 123 133 126 168 180 194 194 189 186 185 163 170 143 175 149 178
44 81 88 90 89 52 104 122 147 163 178 143 149 133 140 139 123 115 107 99 99 93 95
44 42 42 56 81 82 91 95 139 167 164 191 191 173 172 159 135 119 123 104 102 92 91
109 110 107 104 95 102 115 124 134 112 99 105 93 90 85 84 87 102 103 101 90 91 88
48 44 39 56 92 114 87 112 120 135 150 120 102 95 91 89 89 99 105 94 92 82 87
38 92 90 88 94 41 124 138 152 149 140 115 111 100 114 120 118 125 112 105 96 88 90
45 42 39 54 41 90 93 108 148 167 156 168 182 178 139 131 134 112 123 105 104 97 95
41 35 36 37 31 105 122 140 179 217 207 190 166 122 138 147 164 185 154 153 137 127 115
36 35 36 51 34 33 110 121 158 200 193 196 177 209 177 183 172 173 151 141 134 85 45
55 99 94 91 90 93 100 120 117 104 103 102 101 116 112 195 204 188 179 169 138 123 121
51 41 43 55 42 89 89 99 170 183 179 176 179 188 159 157 121 127 136 112 107 55 60
46 50 48 3 10 114 89 107 47 124 181 197 222 180 188 159 101 87 54 3 66 61 48
85 45 46 65 50 98 45 127 150 58 215 0 139 162 0 213 165 0 158 48 108 61 50
89 97 94 93 94 93 104 99 101 106 135 186 182 145 163 152 145 108 104 101 97 94 99
30 37 35 53 34 59 91 105 128 145 222 216 210 149 110 110 119 110 124 92 94 36 39
42 42 48 47 40 108 122 133 104 141 204 195 184 218 228 166 165 163 138 117 119 104 45
34 38 39 56 34 30 97 118 112 128 121 162 229 235 226 202 174 131 141 99 102 109 98
39 43 42 43 33 111 143 181 142 176 196 192 213 225 229 233 186 173 163 128 154 138 137
40 37 39 56 36 118 139 202 185 205 109 220 183 191 196 192 214 206 194 178 178 163 148
88 90 88 87 90 39 116 121 151 127 118 107 97 98 97 95 100 100 110 91 95 88 87
80 41 53 52 40 88 99 114 116 138 136 154 159 145 117 102 112 110 106 94 89 42 88
51 104 49 48 48 91 96 116 141 154 142 143 118 114 109 109 108 98 98 91 85 99 99
76 60 47 72 96 108 93 107 124 126 133 123 146 138 108 121 110 114 114 102 102 93 90
86 107 99 97 95 106 121 162 159 157 136 123 111 101 166 197 188 192 167 143 129 117 104
32 37 39 54 34 38 101 123 168 175 190 180 160 185 170 163 158 150 151 136 130 41 43
40 44 46 58 105 92 94 103 134 170 204 196 192 200 201 189 169 148 132 118 110 107 42
36 37 36 53 30 30 100 102 142 171 183 203 192 197 190 191 158 133 133 119 112 65 62
43 79 47 80 88 91 97 106 138 137 122 103 109 94 87 93 97 88 98 86 87 87 89
54 48 38 54 42 86 95 104 100 123 113 121 107 102 103 93 93 95 98 85 81 83 84
94 93 91 89 95 97 111 118 139 145 156 132 109 92 95 94 92 108 99 94 92 90 69
86 87 40 71 91 89 104 119 120 109 131 94 123 109 105 103 99 100 103 91 85 85 86
47 91 79 64 43 71 92 102 116 106 121 96 112 107 93 110 102 100 96 89 84 79 44
43 39 43 54 40 78 73 76 102 85 111 87 86 92 94 101 93 92 106 83 83 88 76
90 93 87 86 89 91 96 135 118 106 102 90 85 86 89 105 105 104 108 97 99 92 46
92 57 36 54 32 90 100 34 148 175 155 164 141 133 114 109 104 105 114 96 39 41 56
100 99 99 92 81 98 127 129 156 166 125 98 93 92 87 83 84 103 106 104 113 97 91
80 73 37 75 86 79 85 122 137 149 146 136 144 131 104 97 103 92 100 87 85 85 83
46 91 85 89 95 101 136 149 144 143 107 98 91 91 90 113 137 153 147 134 115 105 50
44 44 36 54 32 89 118 139 180 171 172 149 162 155 121 111 115 112 123 102 114 40 49
45 46 41 37 46 45 46 28 31 39 59 144 129 129 127 115 120 108 41 44 46 41 46
39 31 34 56 31 30 37 31 31 71 91 137 129 123 101 115 110 92 61 41 36 39 41
98 111 102 107 97 108 160 212 219 187 150 123 129 114 115 170 152 146 127 118 107 103 104
52 44 45 56 36 94 94 101 140 182 217 192 130 158 132 141 117 123 134 135 144 54 61
63 72 48 64 120 125 129 151 174 233 236 224 234 229 230 226 201 168 147 140 143 186 135
61 72 60 70 48 52 126 128 211 233 226 235 230 230 226 218 206 191 170 137 147 147 137
87 80 80 79 79 80 82 82 78 76 74 73 72 71 72 69 80 86 88 84 88 83 85
76 75 69 84 71 71 72 72 68 73 72 85 90 84 76 78 79 87 91 78 77 75 49
90 89 82 83 43 40 100 136 129 126 113 97 95 88 87 84 85 97 101 100 90 91 88
74 40 37 50 34 81 86 119 122 151 158 126 153 139 112 109 104 98 105 87 84 43 50
82 109 47 55 46 126 124 165 191 214 219 203 217 210 225 225 221 197 148 141 124 126 61
50 45 56 63 45 49 127 170 200 207 183 229 236 233 231 226 217 166 161 150 159 137 133
22 36 31 41 45 47 160 16 74 124 214 40 41 31 22 13 42 30 30 45 46 47 0
42 42 42 58 33 35 23 13 42 44 57 22 31 26 55 7 47 15 30 17 47 41 19
85 84 81 83 84 85 96 133 135 125 108 96 92 89 88 84 93 122 115 109 102 93 94
95 80 41 57 37 89 91 109 134 170 145 138 146 116 109 109 116 96 112 90 42 86 83
166 161 156 155 88 150 158 167 169 176 186 176 167 165 166 163 171 166 173 162 160 164 165
179 102 74 108 90 149 147 151 172 195 195 190 198 191 188 180 169 165 163 156 162 159 170
78 86 87 83 83 87 101 112 118 108 101 87 86 88 84 89 100 123 126 112 101 94 89
47 49 38 56 39 84 90 35 148 156 158 159 132 149 133 134 119 117 114 92 89 52 90
87 90 94 95 96 97 120 142 159 159 143 117 125 100 105 92 100 110 117 42 102 114 111
45 44 40 56 32 95 105 136 124 144 165 130 130 114 107 107 101 102 115 112 55 80 49
71 96 94 102 100 101 135 153 190 168 159 135 109 104 120 191 183 191 152 137 111 110 110
40 39 38 54 36 50 99 54 184 196 194 178 165 186 175 160 143 131 139 129 117 45 44
33 33 41 41 41 103 102 111 129 115 138 168 222 227 214 203 139 122 106 94 89 91 107
36 37 34 52 33 35 88 101 106 108 131 201 220 246 244 230 138 101 108 87 89 103 97
50 51 61 84 44 98 107 104 144 190 218 206 225 217 213 194 191 141 120 115 109 104 104
55 53 44 58 36 47 95 99 142 182 176 207 216 228 219 210 201 154 123 118 107 104 101
0 0 0 0 0 0 0 0 0 0 0 0 0 0 0 0 0 0 0 0 0 0 0
0 0 0 0 0 0 0 0 0 0 0 0 0 0 0 0 0 0 0 0 0 0 0
96 93 98 101 96 97 120 136 141 143 145 129 123 106 99 99 93 109 113 43 113 115 108
46 44 40 56 42 88 109 145 158 149 167 143 128 115 108 101 108 106 118 106 53 46 74
76 119 59 46 46 120 161 171 184 178 190 199 211 217 229 223 189 176 169 153 146 131 106
37 39 38 57 36 35 104 116 156 187 154 193 220 230 206 212 191 172 162 153 155 126 118
92 128 58 56 47 103 142 180 184 187 215 220 209 219 204 225 193 200 165 167 138 133 127
37 39 36 52 33 33 112 165 201 194 201 213 208 217 218 213 203 188 176 127 127 132 109
43 49 45 44 107 100 108 147 160 193 204 196 194 212 213 196 199 184 160 145 127 121 117
40 40 40 52 32 33 122 181 202 198 192 191 187 213 204 199 185 165 175 147 134 131 130
83 91 86 91 53 103 113 128 139 137 130 119 100 98 90 88 88 98 99 95 97 94 90
44 52 39 60 48 90 103 121 130 116 137 103 119 105 97 93 91 88 103 91 85 77 90
78 81 79 78 40 78 91 108 132 125 101 99 89 90 92 106 135 162 154 126 101 99 94
52 42 40 52 33 79 91 34 154 157 153 150 124 136 128 120 109 98 107 91 88 44 51
64 64 51 73 56 54 52 134 129 160 197 185 181 174 167 143 150 141 140 132 62 86 76
60 50 45 68 61 67 56 153 160 190 185 189 197 169 142 156 153 154 163 140 93 55 51
114 95 55 103 104 111 115 151 143 175 173 144 130 121 137 132 135 145 121 104 105 98 112
40 42 44 58 48 122 102 116 124 147 125 158 165 158 126 131 131 118 123 109 106 112 103
82 82 85 83 84 87 101 138 146 140 120 104 97 93 93 109 139 159 150 119 103 103 99
44 44 46 54 63 87 96 35 162 181 194 178 142 148 133 130 141 111 117 107 39 47 52
105 97 101 100 104 104 119 131 131 139 126 116 119 110 104 126 125 136 135 135 120 121 117
112 55 45 59 38 97 107 125 144 193 190 176 177 190 175 164 157 125 129 114 46 49 103
92 91 89 87 87 90 102 173 189 179 147 133 108 105 113 132 141 163 149 132 116 112 104
44 55 45 57 37 86 88 34 147 141 179 213 203 197 199 162 125 118 113 96 40 47 51
66 69 79 63 93 133 112 110 120 145 141 143 133 130 122 113 126 122 119 125 125 134 70
123 111 68 138 108 137 143 120 131 134 139 139 127 129 130 131 122 125 150 142 73 70 83
41 45 60 51 43 100 115 160 139 181 183 197 219 219 236 217 205 176 94 110 103 103 43
40 39 39 56 40 34 112 116 143 128 105 224 200 208 213 202 176 155 141 135 113 119 119
50 51 52 40 53 41 81 93 131 138 158 147 149 119 115 109 117 102 45 52 50 43 41
41 46 41 55 34 29 49 71 122 163 182 175 149 132 124 125 110 109 62 100 40 58 37
131 137 84 74 124 144 148 176 201 229 236 231 232 233 237 230 204 180 165 148 148 150 155
79 82 72 80 60 118 140 146 197 232 235 232 235 232 228 227 210 191 172 154 148 169 165
87 105 52 107 107 121 130 141 160 177 141 107 99 95 105 101 110 126 128 116 125 110 108
38 44 39 54 37 109 112 145 166 178 192 157 151 126 115 104 98 98 104 89 91 92 96
78 76 78 79 77 75 80 95 81 90 86 79 79 79 77 74 80 80 75 81 75 79 77
45 64 38 56 44 80 87 93 92 87 101 92 88 88 82 85 79 87 100 81 53 81 45
41 47 66 91 52 100 96 107 135 146 184 223 221 218 218 211 184 130 106 102 93 96 42
33 37 34 52 31 28 88 91 106 128 147 196 225 234 241 217 192 129 129 97 91 62 45
71 75 74 70 71 67 68 73 72 76 73 73 71 67 69 69 69 77 69 70 67 67 69
46 44 39 58 39 63 68 71 72 72 70 69 68 71 70 70 73 77 87 66 40 69 45
95 93 89 89 47 93 103 106 122 118 124 107 98 91 89 86 93 96 98 91 95 91 93
47 47 42 59 44 89 93 110 110 115 127 115 110 99 94 93 93 97 104 92 52 94 93
43 76 101 92 97 113 177 156 195 169 165 192 194 192 206 201 134 171 136 129 115 110 106
39 37 38 56 35 30 109 132 177 179 183 182 200 217 203 213 178 201 145 134 115 38 40
59 59 66 61 56 57 58 57 137 169 179 202 182 176 163 155 154 159 166 168 68 80 70
59 64 57 75 47 39 53 134 146 154 175 187 166 159 142 149 151 127 155 155 61 63 61
82 83 84 84 87 90 110 149 146 142 121 111 102 97 100 149 154 164 147 124 118 111 40
51 41 37 55 44 77 91 117 138 178 170 170 154 154 127 117 125 139 134 110 103 38 44
87 88 89 89 43 100 123 157 182 168 139 130 119 103 101 145 167 171 153 136 117 110 103
91 43 44 55 36 88 106 135 174 180 185 167 160 169 153 124 123 113 115 101 38 37 93
81 84 80 82 85 84 95 146 159 156 138 133 104 96 91 88 117 151 138 128 113 113 106
82 83 40 59 52 78 83 130 152 192 183 179 160 163 127 113 109 107 107 95 93 54 89
54 40 45 48 58 47 35 54 61 168 214 206 219 222 192 170 166 149 124 124 50 41 46
40 43 42 61 43 40 53 52 138 173 199 216 202 197 156 152 142 133 123 114 114 49 41
87 60 64 57 48 111 123 145 188 212 227 227 225 236 226 221 209 173 146 143 140 132 139
57 52 64 70 55 113 124 128 213 215 234 226 224 222 219 223 198 174 157 144 150 142 102
123 117 112 48 47 120 157 176 199 158 225 200 204 232 215 226 226 208 143 134 124 132 113
44 41 41 56 35 36 127 133 200 205 212 214 234 225 224 223 195 186 159 138 147 136 125
89 88 88 86 88 86 116 132 129 125 107 106 93 91 93 101 117 129 120 110 102 98 91
90 48 42 55 36 86 94 119 147 185 175 170 125 142 111 107 123 118 127 106 94 45 93
79 82 81 83 41 85 84 111 149 141 129 105 140 139 129 145 124 122 117 92 93 93 89
83 43 42 55 44 78 87 94 113 184 161 129 106 143 150 121 108 112 103 102 101 41 87
128 119 106 52 54 121 118 128 162 193 211 209 181 209 187 198 183 160 141 132 131 125 141
45 45 49 60 35 39 123 144 178 179 195 195 208 200 189 194 178 183 147 139 135 128 140
74 45 54 61 111 124 123 175 183 197 215 208 202 208 207 204 206 186 136 150 132 132 125
71 46 55 65 45 101 124 161 215 213 228 198 191 183 210 211 212 196 185 160 161 147 90
37 37 48 50 41 125 124 183 175 212 217 218 230 233 234 215 194 169 133 136 115 114 107
39 38 40 55 36 36 119 137 199 156 183 206 223 219 230 207 194 158 143 133 149 129 143
81 78 81 80 39 91 99 107 110 114 108 88 84 82 83 78 80 88 84 81 83 79 80
42 41 41 52 50 86 90 112 106 104 109 97 91 87 84 81 80 94 95 84 83 79 62
80 79 77 76 77 80 85 96 93 91 98 84 83 80 80 78 81 79 77 81 75 77 75
41 40 38 56 33 76 78 90 90 87 91 83 83 82 78 77 77 88 91 78 46 77 70
129 47 50 44 107 112 128 142 143 142 163 197 204 210 197 200 186 164 156 134 129 130 132
41 38 37 62 101 102 120 148 177 185 172 185 171 169 205 208 148 192 175 150 136 138 48
103 100 100 96 95 107 142 143 176 176 159 176 188 155 178 177 172 159 128 135 118 102 44
61 39 36 55 36 37 98 133 136 133 173 191 206 205 190 159 169 135 157 113 111 44 51
85 83 82 84 86 84 96 104 123 120 121 100 109 121 133 153 150 156 131 117 108 104 101
85 42 44 55 38 82 90 102 120 165 162 144 182 173 159 147 113 107 112 95 40 83 87
136 78 78 65 136 141 132 199 219 235 234 232 238 235 196 232 217 217 158 142 146 109 127
68 71 66 77 112 129 141 146 228 240 236 241 233 238 233 227 226 213 182 154 133 155 81
108 86 69 46 44 98 134 173 154 170 169 206 218 233 230 223 201 170 131 134 115 106 104
38 37 41 50 32 34 97 106 148 171 163 162 169 216 227 225 200 181 134 104 108 107 98
137 44 64 49 132 130 139 174 207 228 228 228 230 232 230 222 196 164 143 141 144 109 152
55 39 48 71 132 129 146 187 219 227 230 233 230 229 228 219 199 177 153 144 149 139 109
34 33 47 54 95 98 96 102 117 147 183 219 239 235 234 210 166 117 105 91 86 87 89
36 35 41 49 33 35 95 98 104 112 101 124 223 227 231 225 176 131 109 96 93 97 92
47 70 41 49 47 46 42 40 51 61 71 103 109 140 140 115 54 85 45 65 44 45 37
45 43 36 52 45 35 47 43 60 55 111 134 83 146 78 83 82 69 80 42 36 43 38
84 85 87 85 89 95 106 153 154 157 134 112 99 96 113 147 154 161 143 118 108 103 97
96 47 39 54 39 94 106 140 191 188 202 195 160 141 126 106 139 157 172 159 142 49 136
89 77 86 46 42 92 91 104 114 123 98 91 92 87 83 83 85 84 86 84 81 81 83
78 81 40 56 56 82 82 108 97 112 95 101 101 97 96 97 93 92 111 83 47 83 79
90 90 88 89 46 97 108 122 136 133 117 101 94 92 98 91 95 102 106 46 76 97 86
89 107 38 55 42 90 106 130 125 131 156 118 118 108 103 101 110 106 115 89 50 86 53
75 82 88 82 88 90 93 116 174 189 189 191 173 171 214 218 198 186 179 136 114 99 32
45 38 35 55 29 29 34 73 104 110 176 168 199 216 205 167 165 153 142 104 111 41 47
112 98 92 47 98 106 113 126 125 187 177 182 193 233 236 224 204 174 145 122 142 101 114
41 38 42 53 30 85 96 148 106 185 162 214 216 222 223 216 192 165 158 140 146 132 123
79 77 85 92 91 89 99 98 102 95 94 85 85 81 82 81 83 83 88 91 85 82 86
44 40 40 56 50 82 86 90 90 92 100 86 82 84 78 79 80 78 92 82 39 42 41
0 0 0 0 0 0 0 0 0 0 0 0 0 0 0 0 0 0 0 0 0 0 0
0 0 0 0 0 0 0 0 0 0 0 0 0 0 0 0 0 0 0 0 0 0 0
76 65 76 44 86 99 91 110 107 106 98 87 82 81 84 79 83 82 85 51 82 82 86
42 39 40 57 49 89 101 98 95 96 94 86 94 85 81 83 81 89 93 82 39 45 41
86 95 92 90 93 91 97 100 106 129 168 189 202 224 234 232 140 131 111 103 94 90 42
39 37 33 54 29 31 97 102 119 113 119 194 213 208 177 154 120 110 118 100 99 38 47
54 90 103 51 46 105 123 153 148 165 134 213 221 225 234 205 181 149 114 116 110 102 95
36 38 31 50 36 35 96 97 136 128 130 204 211 224 221 211 180 162 118 105 102 106 95
88 81 81 86 41 85 96 108 111 123 108 104 112 91 94 89 84 85 81 78 86 79 78
48 79 38 52 45 81 88 122 125 137 125 110 117 110 114 104 97 95 106 97 84 78 46
96 98 97 46 95 93 111 139 140 153 130 185 194 226 233 234 208 195 137 126 115 105 104
42 41 38 50 30 107 100 133 114 179 159 189 205 239 237 234 199 194 155 120 109 102 91
40 80 87 89 93 103 143 144 180 201 209 214 217 201 227 215 197 155 141 127 108 102 49
43 38 32 50 31 89 94 107 141 188 176 159 215 225 222 208 192 146 138 118 106 48 91
83 78 78 78 45 60 102 112 110 120 118 94 91 85 87 82 89 87 83 81 83 81 81
44 44 39 57 69 83 92 108 115 116 119 92 96 89 85 81 83 86 98 84 88 84 43
92 89 82 87 84 37 100 114 136 126 148 114 106 94 96 101 101 100 93 88 89 87 89
87 85 41 60 82 81 91 116 134 172 160 146 159 141 132 119 115 111 110 95 96 91 94
149 140 48 37 152 140 180 203 225 227 225 181 177 205 210 222 215 198 177 157 133 46 142
40 36 33 56 39 110 127 184 181 174 193 215 210 233 228 225 224 193 167 162 155 171 66
93 86 50 44 95 90 99 105 105 120 115 219 229 234 237 222 200 165 112 107 100 95 91
38 40 39 53 34 56 104 130 131 125 121 170 180 235 243 229 191 172 123 101 101 106 95
30 34 51 52 44 93 91 93 97 121 175 196 236 240 239 237 157 87 85 87 83 83 86
37 36 40 53 33 35 97 99 95 87 112 178 220 236 230 220 157 117 102 88 90 89 92
79 39 43 50 106 99 114 116 178 133 196 169 182 211 193 185 129 126 108 109 104 120 110
34 35 38 59 89 90 93 98 118 147 147 179 198 207 204 170 128 119 123 104 105 57 51
96 117 116 47 45 119 160 201 206 207 201 205 189 185 185 193 192 189 168 175 144 141 142
34 37 39 52 38 100 126 190 205 220 227 209 213 202 207 197 207 190 179 168 163 162 157
68 68 78 72 67 72 78 81 91 83 87 89 79 75 74 71 79 77 81 71 75 68 71
48 44 42 62 61 75 82 93 86 87 110 90 88 82 76 91 87 86 90 74 81 80 50
85 84 88 88 39 95 112 120 156 143 144 127 119 112 104 118 125 130 124 117 103 99 97
81 50 45 58 39 83 92 125 124 150 177 176 179 164 143 130 113 110 117 103 90 46 86
0 0 0 0 0 0 0 0 0 0 0 0 0 0 0 0 0 0 0 0 0 0 0
0 0 0 0 0 0 0 0 0 0 0 0 0 0 0 0 0 0 0 0 0 0 0
82 76 77 42 39 44 100 94 101 116 105 103 92 85 93 86 93 90 92 87 85 86 77
43 42 40 58 87 88 97 110 111 112 107 110 101 97 94 93 98 93 101 87 84 86 57
51 77 72 75 76 73 73 78 74 80 93 83 84 82 83 74 76 72 77 73 72 71 73
41 43 39 59 71 71 83 80 85 83 84 88 87 92 86 86 99 79 90 79 45 50 45
73 68 69 42 66 70 73 82 79 74 77 73 73 75 71 70 73 70 70 73 72 69 41
41 41 39 56 35 66 74 77 74 81 89 70 74 71 71 71 70 68 84 70 41 41 38
106 46 52 45 108 111 138 158 198 195 184 203 204 218 211 201 200 191 165 164 156 50 134
30 39 49 63 112 110 123 183 202 201 217 219 191 229 215 210 203 184 175 163 144 142 141
40 44 49 53 59 86 101 146 213 226 220 225 231 232 234 213 195 182 146 144 123 105 107
43 40 41 57 33 86 86 117 161 214 189 213 221 213 221 224 218 204 164 146 116 104 108
79 79 78 80 75 79 82 85 87 83 81 81 81 79 80 79 81 79 76 84 76 76 43
42 42 41 58 77 76 78 85 88 84 87 79 81 79 77 78 84 79 90 78 39 41 39
37 50 97 94 101 98 90 113 99 127 137 178 223 243 232 213 137 100 82 86 87 92 89
35 36 40 52 34 36 99 99 116 137 96 218 219 229 229 215 179 143 114 109 90 98 90
91 83 84 83 38 89 104 127 137 135 116 103 96 90 90 94 107 117 119 110 106 101 97
84 46 42 83 35 92 107 144 161 140 150 125 154 130 109 105 100 101 106 94 83 41 50
94 90 92 49 47 93 108 119 121 135 131 207 221 234 241 235 216 127 110 98 96 93 95
34 33 33 51 39 104 109 106 142 126 155 212 231 221 223 209 194 186 122 99 99 98 96
120 52 116 47 47 121 160 202 215 201 207 208 222 226 201 210 206 192 165 170 135 108 114
40 38 41 54 37 86 128 170 197 221 152 220 185 225 217 210 212 206 171 166 161 142 131
148 67 57 66 135 129 147 186 197 213 222 213 228 221 229 221 216 199 162 150 153 148 144
54 51 59 122 114 131 134 153 211 215 227 211 219 225 231 206 220 191 166 154 155 153 155
33 38 90 92 97 94 104 105 115 141 154 213 231 235 228 195 153 121 95 96 91 91 92
37 34 40 51 33 38 96 98 120 121 86 172 202 231 237 224 197 185 113 92 93 90 89
84 47 86 47 96 94 90 95 102 119 120 212 231 241 247 219 160 104 90 96 86 95 91
34 34 31 48 31 43 103 103 114 123 126 218 223 232 235 225 152 146 113 103 103 101 99
133 64 57 122 127 119 125 146 196 198 225 219 230 232 233 214 205 206 151 129 143 136 131
45 59 54 130 111 121 121 141 191 224 210 235 200 212 224 221 223 207 186 145 146 144 133
91 92 90 38 90 91 101 115 103 99 102 90 92 95 88 88 89 90 96 97 89 88 90
42 42 39 59 40 90 102 106 107 104 108 90 99 94 90 89 92 92 108 88 43 40 42
183 135 182 43 182 174 186 214 225 222 213 218 225 223 222 220 218 219 208 209 218 40 137
39 35 37 56 140 163 179 185 210 232 177 221 219 216 205 186 212 207 187 204 201 205 184
88 85 89 86 47 85 101 110 125 112 123 124 107 97 108 116 107 113 102 95 90 90 92
88 90 45 64 86 86 92 101 102 159 136 144 162 171 148 134 124 114 117 98 39 37 75
132 129 119 47 49 127 166 183 185 200 204 205 214 228 223 212 198 189 162 155 135 113 123
41 35 42 55 36 119 150 193 203 177 198 202 202 206 231 216 200 187 186 173 159 149 151
93 91 96 90 91 89 101 107 123 133 168 145 124 113 131 133 134 129 117 107 98 98 26
100 40 37 55 32 93 95 99 118 141 143 162 168 169 161 141 144 134 135 108 107 100 97
94 45 55 48 96 105 122 116 177 126 191 193 204 221 213 194 195 160 141 130 128 55 123
44 44 57 80 94 102 107 161 174 188 174 187 186 192 215 211 211 184 152 128 129 118 116
118 112 116 107 108 110 145 181 203 204 225 207 210 216 197 195 198 174 158 140 134 124 116
37 38 44 56 38 94 115 193 200 201 222 214 198 199 213 204 183 185 154 135 137 123 126
123 119 115 47 49 112 143 198 188 206 208 207 208 217 207 195 190 188 161 142 138 116 122
44 40 45 60 38 102 127 175 222 210 212 213 193 213 218 205 205 203 166 148 150 148 137
92 90 88 88 60 89 107 130 177 150 154 136 129 129 115 151 181 140 140 119 116 107 72
55 45 56 57 88 102 102 149 128 155 191 194 202 175 149 133 111 112 113 95 99 55 68
93 103 95 101 101 104 103 137 115 112 165 226 217 228 230 229 200 147 114 99 95 94 97
36 31 29 51 37 102 101 112 108 135 129 221 231 233 231 220 193 177 110 112 92 94 102
111 107 108 105 108 118 177 188 213 213 194 214 176 149 145 137 188 198 175 163 150 127 114
46 39 37 53 33 91 120 146 206 170 171 204 203 190 175 181 174 178 174 136 129 111 114
102 105 104 94 95 97 128 155 188 157 199 216 217 204 222 223 207 178 160 131 106 115 102
58 40 36 53 39 95 101 110 140 137 165 181 213 223 222 201 179 160 149 108 107 97 94
88 82 82 83 81 84 93 113 115 122 141 130 110 104 109 100 104 99 96 91 90 88 45
83 91 43 100 33 76 86 113 136 158 142 133 138 133 126 101 106 103 105 96 88 38 83
110 48 118 44 116 115 158 206 199 211 172 212 207 226 202 218 212 180 171 154 150 123 118
37 38 38 56 44 92 121 189 200 196 205 195 183 208 219 212 187 180 159 143 156 127 131
43 48 47 43 77 74 79 86 80 78 82 76 79 76 77 74 76 76 75 76 76 49 47
40 38 37 52 29 75 82 83 88 93 96 92 87 88 83 85 84 86 94 79 79 47 43
41 43 54 42 79 82 93 96 97 87 84 81 80 78 82 77 80 80 83 87 88 83 44
39 40 40 57 42 79 94 99 107 100 90 88 87 87 87 86 91 95 103 92 41 58 55
92 88 83 92 47 99 110 126 139 113 113 103 102 99 94 106 120 113 107 105 102 98 46
38 43 37 55 95 92 113 126 142 147 151 114 118 100 99 94 97 108 110 97 97 90 88
86 85 89 47 85 82 87 100 106 122 122 111 107 99 103 97 96 109 88 52 86 86 86
87 44 43 58 74 80 76 90 92 147 120 130 139 147 128 109 123 106 113 92 39 45 84
174 133 162 80 128 161 163 185 192 192 212 203 224 212 218 227 205 184 176 177 175 68 172
41 66 70 66 122 110 167 175 200 217 184 199 179 220 218 213 211 172 176 151 184 180 185
46 1 47 22 6 47 14 10 34 46 45 58 7 11 54 150 43 12 59 48 43 20 46
12 43 44 26 45 47 22 49 24 68 47 54 66 237 74 48 108 49 41 45 14 45 45
129 110 124 47 110 125 173 185 188 203 210 204 222 229 206 215 195 193 175 170 159 125 133
38 34 38 68 51 116 158 169 186 190 194 175 204 220 217 223 210 208 204 185 183 155 163
134 122 54 120 113 126 137 176 202 211 206 221 216 204 214 205 203 198 164 158 145 137 131
45 43 54 70 98 113 110 145 201 174 213 190 194 211 200 203 212 193 178 153 148 155 151
88 88 89 86 47 85 92 109 129 119 135 151 134 132 136 121 128 114 109 99 95 93 91
85 41 41 61 82 90 90 94 106 142 131 132 137 138 138 122 117 109 113 95 100 43 70
112 85 51 117 117 117 157 197 216 227 231 200 213 216 200 220 215 216 173 168 153 152 161
39 46 66 114 112 121 155 221 234 229 229 225 235 231 233 232 232 216 198 186 165 158 147
0 0 0 0 0 0 0 0 0 0 0 0 0 0 0 0 0 0 0 0 0 0 0
0 0 0 0 0 0 0 0 0 0 0 0 0 0 0 0 0 0 0 0 0 0 0
86 81 81 80 81 42 92 108 111 108 100 91 94 91 89 91 108 109 96 104 92 93 46
44 77 44 92 81 83 93 104 121 128 128 115 131 115 97 99 95 100 103 88 87 88 83
86 79 82 83 46 80 97 46 115 117 111 102 99 93 92 90 100 98 92 88 87 85 46
45 80 81 97 41 88 100 134 154 162 159 114 123 118 101 96 104 116 117 96 94 88 89
21 45 46 48 56 47 67 68 42 45 46 57 45 151 41 226 76 43 48 44 45 45 45
44 48 30 49 47 11 21 17 44 151 9 43 171 41 18 6 50 11 64 8 48 45 45
83 83 82 85 40 43 95 111 136 111 102 100 106 95 94 101 102 98 94 88 87 84 43
95 88 43 111 44 91 103 121 136 140 129 110 114 118 108 104 115 120 122 101 42 92 90
96 93 105 96 87 99 118 129 142 135 108 100 99 95 96 101 107 116 109 92 97 103 247
43 57 43 70 90 93 110 135 146 139 130 105 105 105 94 93 108 113 116 100 104 93 95
98 87 89 95 89 92 96 93 101 119 149 170 233 241 240 214 112 95 84 93 92 95 93
37 39 36 54 39 106 93 103 101 105 130 226 231 235 232 216 150 127 108 93 99 90 88
88 90 91 43 46 87 95 100 121 133 128 159 132 126 123 124 120 122 108 96 95 92 88
88 42 41 59 45 87 96 101 133 161 138 134 150 149 142 123 124 113 127 99 40 39 63
86 81 85 83 90 85 94 99 103 103 134 171 231 240 245 228 174 131 97 98 97 38 90
38 31 35 53 97 95 98 106 110 120 124 225 224 232 234 228 169 166 131 105 98 93 91
92 52 52 115 123 122 131 189 209 221 214 216 231 216 231 220 221 194 152 128 146 125 135
42 44 61 99 116 108 143 191 220 180 214 221 226 232 220 215 216 194 174 178 143 166 142
31 44 46 47 11 48 53 57 33 21 60 35 33 40 46 49 47 45 47 43 55 46 46
43 45 47 62 45 46 47 4 47 66 44 37 104 40 67 38 11 47 60 6 43 9 46
90 86 83 42 80 81 88 91 117 107 117 104 100 110 109 115 108 105 95 91 88 87 44
84 40 40 58 82 89 89 104 100 142 123 121 125 121 102 100 97 95 104 87 90 38 64
97 92 98 95 94 95 114 118 160 175 165 205 214 206 219 212 178 128 99 105 99 100 91
45 39 32 55 40 90 98 105 124 148 128 203 222 225 210 209 170 130 121 102 103 122 100
38 92 102 96 101 98 100 99 110 105 135 223 235 235 215 200 148 113 93 92 92 90 90
34 32 31 48 37 93 98 97 100 104 106 156 185 246 242 245 194 156 104 89 91 88 87
111 96 99 94 97 111 110 119 120 127 112 107 112 104 105 115 116 117 115 116 125 125 47
52 52 48 68 95 110 108 128 139 140 138 121 120 117 103 108 117 134 118 105 99 113 120
84 83 85 80 80 82 96 112 113 112 109 98 93 89 91 99 109 110 101 95 90 87 44
42 83 43 106 85 92 99 115 123 130 138 106 100 95 90 89 94 99 106 92 91 85 86
163 56 55 138 136 140 171 190 220 213 224 196 225 230 237 232 232 224 193 193 168 52 165
49 50 67 125 113 119 153 191 224 229 238 221 225 210 230 232 224 223 213 185 188 177 173
113 44 109 103 86 112 153 161 163 188 167 168 181 190 163 156 162 154 143 119 133 47 124
44 45 48 106 94 95 122 145 182 179 201 173 173 157 183 178 185 167 162 145 133 122 127
44 43 44 42 44 78 83 85 86 88 86 77 79 77 78 75 80 77 76 77 77 89 45
38 37 38 54 28 72 78 90 101 99 90 88 85 83 78 78 81 79 95 88 80 41 39
82 80 80 78 78 83 89 97 102 117 116 96 96 96 91 94 100 96 92 95 87 87 43
81 83 46 93 80 82 86 105 110 146 133 106 118 101 98 93 95 106 105 89 88 87 83
87 86 88 43 88 90 98 98 108 108 171 208 236 242 235 227 195 103 93 94 95 88 96
35 35 36 54 38 98 102 114 108 124 123 215 230 231 227 212 180 162 115 96 92 93 90
120 115 115 105 114 124 154 163 185 192 178 161 161 163 164 196 181 172 152 151 148 127 114
59 43 40 55 43 122 133 176 172 193 175 193 214 197 188 195 199 191 175 140 137 125 122
125 111 114 118 119 126 144 193 219 222 235 233 232 227 230 225 119 203 155 154 145 105 136
45 42 62 116 120 123 134 209 223 233 226 208 211 240 231 230 210 195 189 153 145 143 140
97 86 99 81 43 86 94 108 108 144 149 126 137 177 161 151 138 138 116 109 95 90 46
96 97 86 110 100 103 102 133 138 164 176 178 167 138 147 165 162 137 135 111 99 92 94
88 89 88 91 91 87 90 116 111 116 140 135 127 131 139 126 131 128 109 104 99 96 37
92 44 45 58 87 87 93 103 114 130 161 149 140 137 130 131 133 125 120 104 102 99 95
91 91 96 89 90 84 89 97 110 113 125 121 110 104 117 112 110 109 101 94 88 92 37
91 41 46 57 87 88 92 48 112 113 162 159 156 161 146 144 138 120 122 102 93 91 92
123 49 53 115 116 131 154 183 198 183 194 209 222 221 224 220 206 196 163 153 143 143 145
42 45 131 121 102 118 129 173 224 226 185 202 212 213 220 213 214 207 193 162 158 159 141
124 143 137 136 131 139 180 170 204 179 176 154 185 185 204 192 182 179 177 164 154 153 145
38 56 37 59 100 128 165 180 180 206 201 179 176 170 189 196 195 185 162 179 172 180 151
95 97 98 99 105 100 98 127 154 130 214 230 236 236 225 209 139 132 105 105 94 38 100
36 39 39 53 104 97 113 138 135 170 166 233 225 212 231 214 158 156 130 121 100 110 98
102 113 101 102 107 103 122 147 115 121 189 221 220 230 208 206 186 153 117 105 98 103 93
37 37 35 59 48 101 114 112 133 153 142 205 192 224 218 186 156 164 134 101 124 117 119
59 50 131 59 6 126 108 159 167 182 153 137 186 50 183 155 181 170 142 138 132 60 118
33 36 61 25 33 110 94 150 86 149 40 184 176 167 176 217 160 35 103 41 153 113 124
81 82 51 85 85 34 92 101 101 110 98 91 90 92 90 92 108 98 99 93 92 94 44
36 38 35 48 38 80 49 47 113 122 104 101 96 93 96 89 88 88 99 87 86 43 75
92 93 95 91 92 89 90 101 110 112 131 159 147 139 147 152 143 143 118 103 100 98 35
91 42 43 57 43 91 101 102 132 137 182 144 136 144 158 138 142 128 130 104 107 107 96
44 6 44 44 44 41 44 14 10 41 49 38 11 42 11 47 46 30 45 44 47 45 45
37 44 42 60 44 46 45 44 46 19 0 26 16 23 43 45 43 47 59 43 43 45 26
100 99 96 94 95 89 91 104 113 125 137 139 148 129 143 143 127 124 111 102 103 100 43
89 49 44 93 83 83 85 97 115 130 160 161 146 147 134 136 134 121 118 102 99 94 93
76 82 79 85 85 40 97 108 105 112 92 95 92 90 90 93 103 97 92 90 92 89 42
37 38 36 51 38 98 92 123 124 129 131 102 99 93 90 95 93 92 103 90 84 47 90
113 99 80 114 121 113 128 166 164 178 199 184 219 221 226 210 182 186 156 119 128 108 107
37 36 40 115 104 107 117 194 196 220 171 223 232 227 182 225 184 191 154 134 147 154 145
102 98 46 95 98 108 114 141 160 133 128 168 238 229 240 221 201 180 122 120 111 92 98
39 34 54 130 119 115 141 168 100 162 138 211 205 226 222 224 217 186 148 135 102 120 122
105 101 99 97 104 103 126 161 162 159 186 217 222 210 224 212 199 168 125 130 114 104 99
45 44 43 61 97 98 105 140 137 105 135 191 213 226 219 213 197 167 145 126 132 112 117
97 84 84 83 84 82 86 90 114 110 132 144 122 122 115 106 107 100 99 89 88 87 89
84 84 43 61 85 90 88 99 99 119 132 142 174 135 129 125 123 118 115 95 93 43 67
88 89 88 86 88 89 98 106 103 140 199 229 226 225 224 212 151 116 101 97 92 91 91
39 39 27 50 61 83 93 105 104 110 133 208 239 231 225 224 201 166 129 104 100 93 88
97 99 99 94 95 94 122 131 143 157 132 145 134 112 159 165 167 167 138 129 123 107 59
41 46 41 54 44 102 124 150 156 169 171 162 165 151 143 171 173 157 156 130 119 111 101
97 87 97 90 95 103 109 113 119 116 148 202 222 207 214 163 132 122 119 100 111 103 119
35 36 86 112 100 95 103 105 150 170 136 166 204 205 183 201 171 140 151 122 112 118 108
81 76 79 77 40 36 97 112 116 117 114 105 104 103 97 112 119 111 99 93 86 87 38
81 80 45 93 82 82 32 122 135 138 129 115 119 118 103 103 107 112 111 92 39 81 81
77 77 79 77 76 36 91 103 117 130 115 119 103 112 115 121 111 112 91 88 84 85 37
82 87 80 89 75 76 32 103 120 133 123 125 117 123 114 107 109 112 103 91 47 83 81
92 83 86 85 84 88 92 126 122 122 130 116 112 106 103 109 115 115 97 95 89 93 41
89 89 42 96 85 88 105 144 168 154 155 126 154 136 130 124 126 125 129 94 95 85 84
105 100 117 101 106 112 167 188 150 181 150 183 186 193 199 201 185 182 153 139 138 124 112
34 39 36 67 37 99 135 140 203 195 178 189 195 213 205 205 186 180 164 154 142 136 140
93 91 89 90 91 93 94 104 121 131 128 144 126 124 133 124 123 123 111 104 102 96 40
90 42 42 56 44 88 41 114 124 138 176 157 164 160 163 142 140 138 128 107 101 103 101
79 78 80 78 41 35 93 106 124 107 103 96 92 98 104 117 117 115 102 94 85 89 38
81 76 81 91 75 86 32 114 127 142 121 108 110 104 108 103 102 101 106 93 46 84 84
116 125 103 105 101 112 171 149 155 156 137 139 199 220 225 212 192 185 142 123 126 108 126
38 50 121 119 113 103 90 149 189 195 198 157 148 163 147 199 226 190 226 217 194 196 188
101 91 91 90 88 87 98 100 116 129 130 116 119 106 113 120 115 117 104 102 98 94 40
88 86 50 95 85 87 93 102 120 119 128 144 173 141 135 127 129 135 139 109 102 90 90
102 95 92 95 92 99 98 126 126 134 209 227 215 227 223 202 190 137 106 103 101 101 101
34 40 40 57 38 92 109 124 126 141 132 211 211 226 238 225 163 154 116 114 115 119 111
88 89 89 89 89 88 90 93 99 117 142 206 234 234 240 222 171 106 98 96 94 91 92
46 39 36 51 66 87 93 96 97 112 126 207 231 229 222 215 180 129 116 99 98 91 92
72 57 50 47 40 47 120 119 129 190 184 165 168 140 169 156 137 138 67 138 52 53 42
49 52 58 59 52 43 48 131 167 172 166 154 156 167 144 136 139 135 128 123 133 87 49
49 53 45 38 43 49 82 103 141 178 179 180 189 166 164 153 143 141 48 126 45 52 45
41 44 43 59 35 35 46 123 176 185 191 179 192 173 157 148 155 138 134 128 45 50 43
93 42 94 94 97 98 103 103 107 131 189 207 239 229 240 217 128 108 97 108 105 38 106
35 39 45 104 91 92 98 101 104 119 156 226 234 234 236 231 184 130 119 101 95 100 109
135 141 138 136 146 121 163 148 141 101 137 139 164 197 141 170 178 124 105 101 93 88 39
89 89 45 62 85 84 90 113 117 137 128 176 228 189 225 211 182 159 130 114 104 40 92
83 80 43 82 42 83 86 93 101 93 91 91 90 84 84 96 104 98 91 89 87 85 45
40 40 37 56 43 46 93 39 116 127 102 105 112 104 105 107 98 95 104 91 43 83 48
102 104 102 98 95 104 105 104 107 157 219 231 236 235 237 226 148 112 95 93 93 39 87
37 34 46 108 90 90 91 93 93 120 150 227 235 246 244 232 192 119 112 102 99 98 100
89 87 88 88 95 100 102 99 103 104 153 204 231 235 242 229 164 130 100 93 97 52 95
34 37 44 105 93 94 98 103 102 130 153 228 224 232 232 208 199 158 107 122 136 99 123
153 154 129 48 138 151 168 206 196 228 205 221 231 225 222 219 211 202 179 164 172 57 162
38 43 128 137 133 137 162 192 226 221 222 211 222 191 202 200 179 194 182 196 182 168 133
102 97 93 93 92 94 99 100 119 111 131 119 123 104 106 118 117 123 107 101 98 101 43
97 92 49 103 91 90 101 119 142 130 146 128 142 131 128 129 125 135 132 106 111 100 96
91 93 92 91 91 94 109 115 111 135 150 183 229 225 230 227 196 126 112 105 99 94 94
38 55 37 55 42 95 101 130 130 135 131 198 222 218 212 194 155 142 130 107 106 108 104
146 156 131 51 141 164 153 177 209 221 186 216 214 212 222 217 205 198 168 166 160 151 146
47 52 79 140 142 135 175 187 213 212 227 229 208 196 214 205 210 193 187 177 168 151 171
93 94 93 93 95 101 129 138 148 129 133 125 206 155 169 154 162 159 144 141 123 112 41
96 50 43 55 44 112 148 172 193 201 187 149 146 178 168 154 171 147 146 115 112 110 101
95 94 94 94 93 98 112 118 111 157 175 216 231 232 237 216 158 125 95 95 95 92 89
34 36 34 51 38 97 110 124 125 137 163 181 170 235 237 238 201 165 122 98 98 102 98
89 93 97 90 93 94 105 115 121 138 169 199 234 235 218 207 143 131 97 95 97 96 91
98 53 42 59 94 96 104 111 120 136 121 225 222 197 212 207 170 148 126 104 104 101 95
117 118 120 113 113 136 166 193 202 202 199 197 192 202 202 206 207 177 137 160 155 117 118
37 39 35 59 38 110 156 178 210 210 201 213 204 211 207 208 205 179 177 145 162 148 149
86 84 83 84 85 30 101 119 117 126 116 117 118 102 112 124 112 108 102 100 93 90 40
46 85 43 96 83 86 36 130 146 176 153 113 130 118 118 100 107 114 119 99 95 93 95
162 151 108 155 142 159 187 201 191 204 158 201 184 222 220 214 185 171 119 105 105 102 123
38 46 99 129 119 117 161 156 175 173 148 186 192 194 229 230 213 190 150 129 121 122 120
147 69 60 140 140 141 162 206 215 172 222 202 211 182 206 197 169 139 114 114 122 111 113
37 43 104 128 101 105 110 130 195 192 161 150 191 196 192 202 190 123 127 129 133 109 130
108 108 98 100 101 106 120 146 138 121 102 94 109 121 99 113 108 109 103 102 101 98 38
89 49 42 102 89 90 37 96 107 110 105 135 155 182 135 146 175 106 110 95 96 100 91
128 115 106 110 115 122 132 149 180 210 205 210 221 216 220 214 201 197 157 151 156 134 127
45 99 119 116 109 98 110 134 184 198 190 199 211 212 220 214 205 185 167 155 137 131 130
92 95 93 90 97 101 117 116 126 131 150 201 227 237 242 227 153 148 106 106 100 98 100
37 37 97 113 98 95 105 104 122 151 168 200 226 230 225 213 197 148 126 108 94 98 113
102 102 98 100 107 127 151 175 195 174 113 103 114 105 119 99 91 97 88 89 87 88 39
84 41 84 99 85 84 82 84 88 88 88 92 93 98 86 90 92 91 105 108 111 39 101
104 105 47 110 103 115 127 175 197 157 187 192 215 224 210 205 160 161 110 129 123 97 129
46 90 144 155 150 125 155 158 201 212 211 204 173 194 193 190 125 171 158 112 134 127 118
169 164 194 135 93 136 162 166 154 166 166 184 163 177 188 164 162 186 137 181 109 115 118
103 140 86 120 103 125 79 156 161 180 165 170 166 186 180 173 161 162 180 189 179 145 113
98 91 117 93 104 105 116 115 108 97 116 196 226 234 227 227 190 158 119 122 95 89 106
38 38 118 129 106 119 136 152 118 116 139 216 232 239 234 231 204 146 123 103 92 94 94
127 130 128 124 123 128 159 189 215 222 231 221 220 225 225 220 224 201 168 150 147 56 130
58 68 59 134 115 122 129 203 201 234 232 226 233 230 225 214 201 201 162 143 147 141 146
107 107 98 99 100 114 151 171 186 178 189 214 211 226 218 192 190 162 169 132 124 97 112
37 47 34 55 40 91 113 168 156 179 139 195 205 217 211 189 186 159 156 134 158 137 127
117 114 116 106 109 130 195 197 225 204 203 191 192 204 204 206 213 191 161 172 154 129 127
42 71 48 115 47 106 143 132 191 191 214 207 198 200 201 178 194 183 207 188 202 176 171
96 93 91 95 100 97 104 107 101 103 144 162 217 224 238 229 217 129 102 98 95 36 101
35 41 49 116 104 98 112 123 113 148 179 227 232 214 215 142 152 134 118 105 104 104 99
114 126 121 117 139 157 170 169 149 168 153 183 215 221 233 229 192 163 144 113 123 117 114
35 40 113 127 104 118 172 184 132 159 164 212 225 210 212 211 204 159 161 148 146 152 139
88 89 50 88 96 96 102 89 105 95 123 204 206 222 233 221 196 172 112 116 94 99 91
37 36 95 107 84 99 98 107 99 94 99 223 236 224 222 216 199 135 124 109 103 103 101
141 137 134 130 132 124 164 186 188 205 186 210 209 227 224 223 204 198 159 163 142 140 148
54 117 134 130 128 126 157 172 210 205 208 213 190 178 184 226 198 202 196 172 167 171 160
99 95 91 96 97 97 105 114 114 118 164 214 234 239 240 205 149 117 98 95 97 39 93
33 36 44 108 90 88 110 140 115 157 171 204 222 235 233 214 157 144 140 117 98 118 118
103 100 99 97 99 109 187 182 172 196 168 200 219 220 224 206 209 187 154 150 148 118 106
36 44 32 54 43 95 158 174 185 194 188 183 205 211 217 198 187 200 176 139 141 157 150
87 89 90 87 89 88 93 95 116 125 144 217 224 222 220 224 189 115 109 100 92 96 92
39 87 42 56 95 91 93 87 78 96 118 184 213 208 214 211 172 150 132 106 99 91 87
106 100 99 97 97 108 119 133 119 139 166 213 218 238 237 192 190 137 109 96 101 40 102
34 38 46 106 91 94 113 129 137 143 169 225 231 241 225 211 149 124 125 118 105 116 103
156 135 169 155 108 144 174 108 176 125 188 178 184 178 172 170 148 107 103 101 108 100 44
87 93 90 101 87 87 96 109 115 104 98 134 153 178 104 119 105 98 118 130 139 151 145
97 95 96 94 93 97 108 143 152 117 154 214 221 240 242 209 155 108 95 93 100 40 98
34 38 48 116 99 106 109 109 111 125 196 242 242 232 224 200 114 133 113 102 110 111 125
86 89 87 88 87 86 87 96 86 86 86 86 112 123 138 149 126 107 96 92 93 91 40
47 88 85 104 98 110 121 47 124 88 97 93 126 168 141 105 91 90 118 117 121 108 103
96 92 95 91 96 100 118 118 119 139 163 204 234 236 240 186 151 114 94 99 95 38 93
34 36 54 119 99 99 108 123 137 150 181 221 225 226 207 145 137 121 126 109 102 105 103
105 99 100 98 103 115 141 172 183 162 191 219 208 210 230 222 210 145 137 130 116 113 107
37 49 49 119 39 109 154 172 208 190 208 214 146 218 219 200 191 189 160 151 148 138 140
114 102 46 112 120 140 152 170 176 174 143 191 224 213 222 207 193 189 132 118 127 113 132
39 74 100 115 109 99 124 133 153 173 145 190 177 218 218 183 158 130 132 106 102 106 113
96 99 100 97 105 103 131 159 147 146 213 218 231 225 227 204 117 132 101 98 98 41 99
35 39 96 110 98 96 108 109 121 87 176 228 234 240 238 212 152 120 102 107 102 113 97
138 140 144 133 140 146 185 193 217 229 234 221 231 227 231 227 222 212 195 191 155 152 153
54 52 135 141 138 146 178 184 224 227 224 210 198 223 214 210 217 208 195 155 179 160 147
122 128 107 115 111 120 151 148 166 160 158 177 162 184 180 185 166 175 157 146 133 127 45
119 45 47 60 45 121 137 154 176 182 175 188 186 165 175 182 181 169 171 161 155 136 128
134 124 125 126 119 137 169 201 191 215 227 205 207 192 207 208 195 195 164 146 147 49 121
54 55 123 136 116 127 143 205 217 225 222 222 185 227 192 198 211 195 188 154 151 153 148
115 114 111 104 108 144 177 204 212 211 188 209 222 188 209 203 205 196 180 164 152 129 118
47 46 43 57 38 108 163 210 217 220 206 200 213 215 202 191 201 189 191 173 168 160 161
89 89 91 94 94 99 102 113 111 128 225 221 234 233 234 209 167 103 92 97 96 98 106
36 37 96 112 96 99 101 112 103 124 151 219 234 243 241 226 174 108 105 97 94 104 90
112 110 103 105 116 136 156 180 181 172 192 196 212 203 206 209 206 168 139 132 116 49 113
37 43 53 122 103 114 114 147 211 198 187 188 205 195 197 193 180 192 179 141 153 156 142
98 103 98 94 97 100 127 130 133 129 111 141 136 107 105 161 114 133 103 89 89 89 39
96 44 92 102 94 100 133 72 152 177 146 124 138 151 156 123 145 120 139 115 112 92 98
91 96 91 91 95 97 102 108 102 132 198 227 235 233 235 213 142 115 100 95 100 91 98
97 96 40 62 103 97 101 123 131 113 141 191 223 229 227 232 172 119 117 93 112 131 91
143 140 130 137 132 132 142 174 197 232 227 229 232 227 231 222 219 202 179 156 145 151 148
57 60 128 144 136 130 148 170 225 229 227 230 221 220 217 220 217 212 176 158 150 149 70
109 103 108 102 108 118 135 156 163 161 205 215 224 233 228 230 216 174 158 132 111 107 120
45 50 110 118 104 102 120 141 159 158 159 227 228 233 229 226 172 176 152 133 126 117 128
91 91 88 88 89 87 92 103 104 112 139 129 147 143 142 155 128 117 109 101 95 91 42
88 42 49 99 85 86 102 113 138 128 125 110 101 120 112 110 123 130 125 106 101 96 94
103 107 107 94 116 113 133 111 116 121 194 201 208 197 205 206 171 134 106 101 94 94 90
88 84 82 97 90 66 105 96 100 112 127 199 227 225 207 207 179 134 120 97 95 43 89
83 82 86 83 83 85 104 96 103 100 93 109 94 104 107 113 99 99 97 84 81 83 39
84 87 45 95 81 86 93 132 163 157 161 121 139 122 107 99 109 115 112 88 74 78 80
90 92 90 88 88 90 97 114 109 135 172 187 211 208 220 203 150 130 101 99 99 95 92
40 94 36 57 95 99 114 113 125 118 139 195 219 222 206 184 134 126 126 100 100 97 96
95 99 100 96 106 104 105 124 113 114 181 226 234 234 236 191 122 123 106 99 101 92 94
38 52 94 112 96 100 114 115 102 159 153 218 223 245 234 238 214 132 137 110 94 96 124
114 119 114 123 109 144 160 193 192 199 203 199 228 216 225 213 203 154 144 105 102 43 118
44 46 59 113 106 107 120 172 170 201 200 185 206 234 231 223 212 190 152 118 119 107 126
98 99 98 96 100 102 109 121 134 176 219 232 230 229 225 150 110 105 96 98 101 39 99
35 38 48 114 102 105 107 125 141 130 168 196 193 241 239 222 180 130 109 95 101 117 112
140 133 128 130 129 125 152 171 206 235 238 220 232 236 228 221 221 213 168 155 149 142 140
82 82 127 142 135 132 156 173 225 232 236 238 232 224 226 231 220 221 167 152 147 145 141
139 139 137 133 127 149 172 177 177 196 214 199 208 233 218 210 214 176 166 150 150 139 143
45 52 124 137 122 129 170 173 207 205 196 210 216 227 207 202 198 188 176 171 174 160 170
89 92 90 89 88 84 90 108 107 110 93 93 100 92 99 97 103 98 93 90 102 92 38
81 81 43 94 83 85 92 109 140 158 150 128 121 121 110 104 107 108 121 104 87 98 99
138 133 137 132 131 131 151 177 214 230 234 231 233 234 231 229 218 202 173 150 143 137 140
87 73 139 142 134 134 146 171 229 234 226 233 237 231 236 234 216 212 168 149 145 147 139
91 100 89 99 99 110 112 119 116 111 152 199 243 242 247 238 191 129 104 96 111 106 112
38 49 99 116 97 96 117 101 103 130 148 218 211 236 235 209 164 120 121 115 98 102 104
135 128 124 127 126 145 203 197 204 200 212 206 213 213 218 200 206 179 165 147 153 44 129
43 55 77 126 115 125 160 188 202 205 199 218 210 212 212 199 199 190 178 161 156 160 157
83 80 81 82 82 81 89 101 98 101 106 112 102 109 104 100 99 94 88 85 85 83 38
86 88 44 99 86 88 103 124 162 171 169 151 140 129 118 115 113 119 116 97 43 89 88
96 93 95 95 93 38 100 96 105 120 128 120 116 121 142 140 144 129 132 135 143 125 121
119 43 51 60 44 114 134 154 207 195 193 138 123 130 125 126 159 148 129 107 110 107 97
118 110 108 98 109 98 116 120 152 143 159 192 233 240 226 207 175 168 120 107 118 102 108
49 113 97 118 100 116 182 179 162 166 186 232 218 215 218 159 162 164 131 121 111 105 109
101 92 93 92 90 89 90 97 96 91 107 153 198 204 200 157 170 123 115 121 106 120 38
101 41 40 112 105 100 126 137 169 99 98 98 92 103 103 105 102 106 133 169 175 172 160
104 105 101 101 99 110 129 153 179 204 198 196 194 188 177 195 198 181 172 137 130 111 108
112 104 49 56 99 106 144 178 182 205 212 207 210 217 203 181 183 184 179 141 130 116 111
109 105 48 103 103 107 135 123 174 128 155 200 230 231 233 192 176 165 132 120 114 97 100
41 88 77 111 95 91 90 95 105 156 165 228 226 234 229 206 158 137 136 127 115 91 98
88 95 94 89 93 100 119 123 137 176 194 199 214 218 223 205 160 141 119 127 123 118 122
39 101 39 56 99 106 130 153 153 163 159 163 219 226 232 225 179 164 144 108 110 110 103
114 100 102 98 102 126 127 133 141 135 134 138 146 153 160 145 148 139 122 134 115 119 113
101 49 51 60 47 102 124 139 150 155 155 149 134 158 157 149 152 145 145 141 118 112 109
106 115 86 98 119 86 155 200 176 199 223 186 214 205 186 201 162 185 153 165 146 139 137
71 51 117 125 115 110 127 133 188 181 195 170 155 178 175 164 198 183 162 140 132 133 91
91 91 93 94 96 101 100 102 111 127 201 226 233 233 240 225 185 117 96 95 97 44 100
38 49 98 115 98 97 104 100 105 116 149 225 234 224 228 188 177 121 114 98 103 106 103
91 88 91 90 89 91 99 103 126 125 117 129 137 116 126 137 138 139 114 117 108 105 47
90 90 46 104 91 91 98 120 159 159 160 164 150 156 138 131 130 122 127 101 107 99 93
114 120 98 118 102 123 140 125 136 130 110 99 115 105 103 107 117 118 103 106 97 100 39
89 87 45 106 32 96 106 110 125 136 107 133 138 152 116 120 120 112 121 104 98 98 101
115 113 109 117 120 133 171 200 208 223 224 214 214 211 202 200 194 177 158 130 126 58 119
55 60 93 125 110 107 134 170 217 227 207 210 215 218 219 216 213 203 182 133 141 135 133
102 105 112 95 105 124 153 134 106 113 151 199 240 234 240 218 149 155 146 106 111 102 107
39 43 100 114 102 97 114 115 119 139 159 225 228 213 214 179 143 128 128 120 107 115 131
123 124 65 143 142 141 180 175 165 172 142 200 230 235 207 219 157 129 107 101 111 123 111
49 73 120 140 136 143 213 221 198 190 187 169 200 202 218 225 203 220 218 180 178 144 148
92 97 78 91 98 96 99 101 98 97 184 209 225 231 223 201 153 114 99 101 96 91 93
41 96 80 111 96 98 117 121 118 118 159 230 224 246 245 214 160 123 111 105 103 97 106
90 90 54 87 90 90 105 109 92 125 139 193 233 244 245 230 151 132 97 101 90 91 90
43 89 90 100 92 82 95 93 96 118 132 221 226 239 232 214 151 109 108 92 92 88 85
92 94 90 92 97 97 106 114 115 123 206 210 237 239 241 204 172 109 95 89 91 37 97
34 98 92 111 93 95 104 113 113 128 162 220 225 243 225 208 145 125 108 97 96 103 95
