156 67 151 147 61 148 162 158 161 163 185 177 173 157 152 154 153 147 148 139 168 105 60 1
42 85 82 88 88 90 103 114 129 125 140 136 145 167 177 177 153 138 117 107 112 103 95 2
134 62 133 64 123 134 144 175 180 223 229 217 232 228 221 226 218 195 169 148 152 153 149 3
108 103 100 91 103 104 121 131 135 125 167 180 205 176 199 187 174 168 138 122 104 104 34 1
85 86 85 87 87 36 103 143 163 161 150 132 115 100 108 137 157 166 147 129 121 110 102 2
72 97 53 67 164 86 126 121 123 124 128 154 135 133 158 136 145 140 118 140 133 62 61 2
35 38 39 39 42 124 141 150 161 214 219 205 169 135 153 147 148 126 112 105 110 58 50 4
75 65 84 160 131 170 169 170 194 199 200 204 212 200 179 182 184 170 170 171 168 137 78 3
73 116 186 83 112 151 169 140 179 130 187 191 197 202 97 81 121 113 106 55 47 56 62 1
47 46 50 49 47 97 112 107 166 182 194 180 194 193 192 185 182 160 124 121 121 114 46 4
91 86 75 41 94 99 106 160 130 122 178 229 230 236 238 211 170 123 105 102 94 49 100 4
118 109 107 106 112 38 149 155 159 156 159 176 162 157 180 178 175 171 152 141 126 127 44 1
104 41 84 106 116 119 124 176 155 197 200 196 166 155 149 180 117 190 143 141 124 121 119 1
38 49 41 46 70 69 95 109 120 178 192 192 185 182 181 176 172 161 130 94 106 57 74 4
40 42 43 42 42 127 117 166 129 139 167 182 181 189 171 179 188 158 144 151 137 129 52 4
47 51 89 89 97 94 117 118 136 176 196 163 157 150 172 175 173 163 144 131 122 125 112 1
126 106 119 50 115 127 126 156 148 175 163 183 166 174 169 163 165 162 131 140 130 114 131 1
36 39 40 45 63 94 97 115 170 183 205 196 173 171 163 170 147 144 142 115 109 114 100 4
55 60 54 52 59 113 127 137 190 209 224 217 219 222 214 212 203 182 144 153 147 126 52 5
44 44 51 48 103 106 107 133 184 206 185 219 230 203 205 213 177 162 128 122 109 114 45 5
89 106 97 97 100 109 142 151 194 201 198 190 198 201 193 198 196 174 158 163 134 113 115 6
96 101 113 115 49 111 144 175 200 220 213 164 147 121 125 114 117 126 123 128 117 121 56 1
72 62 46 34 60 63 55 74 79 112 89 89 109 139 122 85 111 109 72 23 47 57 36 7
86 54 67 50 122 140 137 135 141 156 179 187 194 214 206 197 197 174 171 182 164 171 174 3
63 85 154 124 94 76 86 184 180 194 204 219 206 222 200 195 177 190 190 168 162 124 75 6
103 99 81 84 97 93 105 139 177 200 190 201 167 159 140 142 131 137 123 114 112 45 44 1
129 70 120 74 69 63 138 154 202 232 239 232 233 227 222 215 189 169 163 152 161 108 74 6
97 93 95 92 91 100 135 131 159 121 135 108 142 172 168 159 155 160 137 133 108 110 102 2
86 84 84 80 81 81 90 114 129 121 93 95 85 84 97 107 112 115 114 101 91 94 86 2
102 99 98 93 45 100 110 110 145 165 197 187 187 175 172 179 158 137 129 111 110 104 96 1
112 71 57 72 112 109 107 122 152 193 199 205 207 209 217 203 184 181 125 118 119 102 120 4
42 44 42 39 36 95 98 122 138 198 202 183 150 145 175 175 185 172 137 118 119 54 67 4
149 149 57 134 130 133 157 186 193 214 201 212 206 205 207 201 201 205 190 174 178 166 162 8
24 41 47 53 101 103 153 182 195 206 196 183 176 144 164 186 199 196 163 142 132 128 110 1
31 36 34 34 35 33 36 29 77 98 84 111 147 106 118 87 63 47 6 68 12 34 42 7
63 128 138 92 183 140 172 167 172 188 192 189 188 178 186 183 184 180 195 201 87 92 112 6
103 96 108 91 143 115 120 171 180 169 180 185 182 164 173 166 159 179 78 179 185 169 92 1
138 178 156 111 54 125 123 170 203 241 239 234 237 237 228 226 194 144 133 138 131 136 129 6
49 53 40 36 49 39 126 114 141 138 147 176 164 167 165 144 125 133 128 108 45 78 41 2
120 94 119 57 50 110 145 152 199 199 229 220 227 221 197 218 183 182 153 132 121 125 116 6
72 75 59 64 62 117 125 137 212 236 234 234 233 236 234 232 217 148 134 137 128 131 131 5
136 96 74 67 68 58 129 160 191 218 232 232 230 232 232 218 196 151 144 141 139 166 63 6
83 82 81 81 83 35 92 105 112 117 126 112 103 102 101 109 109 108 104 97 94 91 42 2
150 131 129 100 71 116 142 174 192 223 229 234 232 226 230 224 219 158 160 162 140 152 164 6
212 111 205 173 171 93 156 218 196 217 226 218 220 222 224 214 230 227 225 189 94 215 175 8
122 42 78 55 131 144 179 201 197 189 220 203 231 232 204 178 187 175 171 163 171 44 158 3
81 53 57 52 43 37 120 133 187 229 228 230 228 218 218 200 162 144 134 125 129 68 72 5
116 111 51 94 97 104 121 166 201 167 170 172 172 187 176 171 193 195 162 154 146 132 129 1
49 56 88 91 91 91 122 150 155 158 167 152 122 111 128 145 141 142 142 128 117 110 111 2
110 100 103 69 57 62 131 147 184 235 227 232 235 232 236 213 198 156 147 158 154 124 75 6
171 53 145 49 151 157 194 196 185 205 184 207 214 209 223 209 198 202 178 180 173 163 177 3
185 172 169 140 90 186 159 156 165 167 177 164 176 174 169 162 161 164 170 179 169 205 183 8
102 142 126 79 149 109 157 180 158 176 174 160 173 175 168 168 169 176 158 171 162 153 92 1
53 54 52 57 49 118 117 126 198 233 234 226 216 220 223 211 191 159 135 134 131 142 130 5
119 133 135 125 122 133 164 193 218 223 229 230 232 230 232 222 213 163 156 137 136 130 143 6
147 149 144 137 135 125 148 149 177 179 176 184 179 171 191 189 176 170 167 167 152 150 149 8
205 184 123 105 99 89 164 179 177 178 205 212 201 201 206 194 192 189 195 182 189 193 197 8
121 116 122 120 134 115 148 197 214 217 237 229 234 232 233 219 218 192 160 144 130 117 122 6
41 45 44 52 42 92 111 139 176 176 183 134 193 182 173 181 171 159 128 111 108 99 40 4
105 108 115 112 121 110 150 172 162 193 181 221 227 232 230 213 210 163 141 137 120 115 110 6
49 88 92 97 108 107 136 156 166 162 167 169 184 179 187 183 169 164 137 126 133 116 108 1
92 102 59 63 54 116 115 148 206 225 227 231 234 227 226 220 203 170 130 125 127 128 120 5
70 71 65 59 55 51 133 150 180 230 237 232 229 227 226 215 202 176 142 136 143 141 146 5
31 38 47 47 42 106 117 145 152 127 134 171 157 188 163 197 160 145 118 119 116 103 99 4
98 93 96 90 92 99 120 117 135 145 192 200 206 224 223 226 181 139 116 112 105 98 104 4
107 103 89 82 76 76 149 71 177 208 214 212 211 208 201 189 177 178 156 140 96 169 179 5
71 64 62 65 64 52 124 156 189 235 240 235 236 234 228 203 182 169 141 138 130 70 150 5
132 135 98 102 101 131 135 155 156 149 165 162 161 145 148 156 158 159 159 157 157 152 89 1
55 67 62 53 55 99 127 161 183 204 211 226 207 211 210 193 189 174 146 142 136 128 60 5
120 97 135 89 82 66 148 165 184 219 210 220 220 229 223 207 198 150 157 167 166 182 245 5
123 62 65 65 66 51 142 176 195 218 224 214 228 221 209 209 198 167 163 157 138 66 64 5
86 82 83 53 63 53 137 146 165 183 187 202 193 186 181 178 158 165 174 155 97 84 85 1
116 113 124 52 52 116 142 180 207 200 225 233 209 208 224 213 198 186 146 129 114 115 103 6
99 87 89 90 91 41 138 140 150 149 147 143 134 156 156 171 152 153 129 128 109 105 50 2
116 118 135 126 48 41 138 151 163 177 194 170 157 156 168 168 136 146 155 138 132 120 134 1
57 59 51 53 52 51 105 121 131 147 129 146 151 142 145 138 130 125 101 119 111 60 55 2
58 118 106 103 51 114 144 155 168 173 170 153 176 172 183 188 182 168 145 131 112 121 119 1
31 32 47 51 92 91 101 114 123 150 157 202 219 201 230 185 176 146 123 109 104 95 91 4
85 89 90 93 87 39 100 112 134 132 123 134 128 132 135 146 99 117 110 95 95 85 45 2
131 122 125 120 130 154 166 183 188 174 175 164 176 198 205 195 179 173 166 157 153 145 130 8
100 101 97 98 96 101 111 120 137 138 140 138 151 142 145 144 144 142 122 124 111 107 40 2
97 96 91 92 92 98 113 118 127 126 190 212 231 215 218 210 156 123 111 97 92 96 92 4
58 116 54 54 42 115 144 152 201 158 213 227 210 232 220 232 217 177 129 128 125 124 121 5
127 99 131 70 65 54 139 160 200 236 220 230 230 234 232 215 199 152 134 150 134 138 170 6
162 156 142 143 91 128 144 158 158 170 150 165 154 159 146 154 163 161 155 147 142 145 91 1
136 69 113 60 59 117 117 169 198 233 231 231 233 234 234 225 214 151 129 124 129 127 122 6
73 139 83 72 129 119 150 142 164 189 192 178 177 175 163 152 152 153 141 143 183 143 142 1
37 37 36 37 26 28 108 96 134 114 146 158 172 213 211 215 195 128 105 105 99 44 82 4
156 45 53 109 132 132 128 175 192 206 213 228 222 218 223 212 238 192 179 162 154 148 124 3
49 43 95 84 91 101 119 135 150 166 170 187 190 196 202 187 184 153 137 105 120 47 88 4
42 97 112 38 118 133 166 199 214 226 233 212 157 121 119 128 125 110 119 112 112 103 103 1
45 38 45 44 34 50 35 48 67 83 139 120 116 117 112 111 113 100 89 54 43 43 44 7
45 42 37 40 41 48 104 98 113 185 229 229 220 194 137 157 151 175 153 147 101 109 115 4
85 93 75 83 107 131 170 173 183 195 212 204 194 199 183 179 182 189 167 181 193 163 103 3
37 47 42 44 44 47 52 35 38 65 111 121 138 148 146 154 152 114 122 104 45 44 38 7
45 47 42 44 43 80 95 105 140 192 191 220 211 200 203 174 173 153 147 125 117 108 104 4
138 40 38 40 51 99 114 103 156 144 159 210 227 229 231 226 198 175 162 102 114 82 107 4
54 42 53 101 46 124 113 139 148 159 181 171 179 176 166 169 154 149 144 132 129 44 110 4
47 47 39 44 111 100 109 137 160 198 179 171 128 192 166 187 177 185 154 151 144 111 128 1
42 34 35 39 40 29 69 91 100 148 221 190 218 203 187 164 156 124 107 96 80 51 69 4
44 41 39 45 42 43 129 141 147 170 181 155 198 226 211 205 214 168 141 148 115 49 48 4
33 34 36 35 39 26 100 98 99 159 208 223 195 153 137 126 120 103 96 96 94 93 92 4
130 30 49 48 114 116 131 136 178 167 176 169 146 172 174 186 157 161 171 158 156 132 95 1
41 35 37 36 31 38 75 98 133 176 209 203 182 187 175 177 165 119 123 113 75 31 50 4
71 62 71 60 61 57 123 131 175 213 231 238 232 231 227 216 217 186 188 171 154 152 141 5
46 44 48 43 47 48 120 121 156 216 193 191 200 228 211 218 212 159 159 123 117 126 103 5
50 46 45 101 93 104 110 128 138 183 176 200 204 194 207 170 162 144 150 126 57 64 91 4
48 42 41 42 44 83 34 126 162 188 217 212 209 171 178 170 148 123 114 124 97 45 47 4
39 31 52 32 42 45 49 85 65 99 71 117 91 113 96 102 105 83 90 68 55 44 29 7
125 90 92 103 71 78 162 157 174 189 209 205 207 205 213 206 221 194 178 182 188 178 164 5
40 48 41 44 51 54 56 55 81 136 160 166 163 152 152 143 141 133 141 146 62 74 63 7
36 31 29 34 36 38 77 89 97 117 168 212 216 208 148 150 112 107 97 102 49 97 98 4
62 89 79 81 68 81 144 159 154 218 227 232 234 233 226 219 198 164 188 162 165 141 209 5
115 43 43 101 110 105 116 144 144 167 156 164 161 145 167 159 153 158 128 124 129 150 110 1
35 29 38 86 78 86 95 103 116 141 159 138 174 170 143 133 132 109 99 96 91 91 103 2
46 39 66 46 88 81 107 115 116 166 182 186 188 173 171 168 166 138 133 123 115 113 90 4
131 77 62 71 108 71 107 117 117 152 206 209 214 218 217 215 197 197 151 129 113 114 131 4
39 37 40 46 45 67 93 93 116 167 213 201 205 195 182 163 148 124 112 109 104 100 101 4
51 51 50 46 128 133 141 165 189 200 204 195 230 201 205 200 252 199 185 177 168 175 157 3
42 34 29 31 37 42 109 152 174 205 222 212 208 214 191 195 161 177 160 131 120 105 107 5
35 34 28 34 39 33 14 10 23 6 28 61 46 8 25 16 13 31 47 34 49 26 31 7
96 83 114 68 74 102 180 157 163 177 184 182 183 203 175 169 178 169 175 214 205 177 135 3
43 37 44 44 41 49 39 52 113 124 162 178 169 157 153 156 138 110 115 114 52 50 51 7
66 70 66 66 61 56 133 129 159 230 236 238 239 237 235 232 211 172 154 137 139 124 128 5
41 41 50 42 45 28 48 44 166 180 180 187 180 182 197 182 172 160 196 174 93 89 88 4
43 50 45 52 51 93 135 136 168 213 200 210 208 209 210 192 214 180 142 154 131 49 125 5
139 117 63 57 64 55 129 140 147 233 230 235 236 239 234 226 222 170 145 156 130 187 169 5
67 62 60 68 63 53 123 121 163 225 224 234 235 230 231 219 217 172 167 140 120 189 163 5
42 44 83 85 42 76 107 110 111 154 144 165 155 130 140 117 120 102 100 93 91 84 86 2
190 171 122 103 118 113 144 141 180 215 222 228 230 230 228 227 223 173 169 155 152 143 121 6
50 78 65 62 57 104 94 70 166 174 162 188 182 201 190 182 176 175 171 202 62 78 71 4
63 44 40 41 127 136 149 182 216 205 211 164 222 221 221 227 195 170 191 177 173 160 167 3
56 53 56 49 54 41 121 136 149 221 229 233 232 232 229 208 207 156 169 138 75 106 98 5
51 49 45 43 102 108 108 135 144 154 163 125 179 122 193 192 193 188 153 133 133 69 123 1
37 40 38 40 40 103 99 107 120 180 201 212 206 176 164 114 138 111 116 114 93 52 105 4
59 62 61 58 57 52 136 134 136 169 206 217 219 223 225 211 209 164 140 141 130 125 101 5
159 55 44 45 143 164 170 198 201 205 217 193 197 207 210 204 207 208 198 199 191 177 175 3
77 84 76 75 68 135 127 143 141 132 153 175 170 164 165 170 171 163 152 147 105 83 146 1
42 43 46 44 42 51 46 49 116 132 152 178 167 168 158 138 124 124 112 64 47 54 41 7
53 52 53 54 53 53 113 132 160 229 247 235 234 234 231 217 222 174 143 146 138 133 138 5
122 58 59 118 119 124 118 148 199 217 226 227 226 229 226 209 212 169 144 131 131 163 128 3
81 123 151 162 139 157 156 140 171 171 190 195 194 190 189 193 189 166 168 154 161 174 174 8
163 199 131 121 129 154 139 159 154 176 187 201 210 206 199 195 198 191 190 186 173 181 200 8
123 52 55 67 112 122 135 171 207 224 232 234 231 229 232 225 226 200 157 147 142 120 124 3
42 41 43 44 41 85 99 105 139 169 153 186 204 192 190 188 177 150 127 108 104 115 94 4
50 47 43 106 103 120 133 142 176 199 199 226 233 233 221 235 201 185 128 122 130 110 122 5
45 40 40 42 90 113 111 144 159 183 146 174 190 202 208 184 162 139 135 122 113 105 109 4
55 49 56 54 54 55 123 119 142 225 226 230 237 233 223 220 213 189 152 136 128 118 126 5
63 64 62 56 59 58 128 128 158 216 225 231 230 233 229 213 200 176 145 142 147 131 166 5
47 31 39 43 49 96 101 120 144 147 149 168 167 181 160 207 169 135 124 116 105 47 99 4
45 40 39 45 79 100 109 123 132 151 193 201 214 218 225 202 194 146 126 118 104 99 102 4
106 100 84 81 94 90 75 78 162 166 198 194 208 199 199 202 180 180 184 177 94 98 98 4
58 57 56 57 57 47 125 125 155 223 237 231 235 231 230 226 216 174 138 128 130 132 130 5
82 75 72 82 113 117 143 136 140 178 184 193 191 167 171 174 177 145 147 141 150 110 136 1
57 55 55 54 56 48 125 135 160 212 217 219 223 222 216 204 197 166 178 164 106 93 81 5
70 72 78 79 76 68 130 153 172 212 217 225 225 226 225 213 212 174 191 173 161 119 183 5
53 66 76 78 65 69 127 168 174 208 216 221 229 216 229 218 201 185 173 152 75 83 96 5
69 82 82 68 63 50 51 69 102 149 183 193 204 192 183 190 162 161 149 150 52 77 76 4
46 51 44 55 49 110 143 136 155 186 190 237 215 222 219 210 209 191 157 146 126 94 114 5
44 46 47 90 92 96 106 130 150 157 151 160 143 146 159 160 155 145 122 114 105 47 96 2
52 53 114 46 52 153 134 142 156 164 181 201 195 193 180 165 176 142 154 136 116 69 58 4
49 57 40 54 78 47 83 98 125 119 159 125 154 134 121 121 119 136 107 103 53 63 74 2
51 48 51 48 44 103 127 139 165 182 183 177 190 189 189 189 175 172 159 140 127 63 129 4
42 45 43 39 39 92 96 111 143 141 175 177 209 213 227 199 140 122 101 93 94 45 90 4
46 42 90 81 45 94 99 106 100 121 118 147 130 127 118 108 130 124 108 98 90 45 77 2
109 42 43 119 121 121 137 159 160 171 175 181 183 200 193 194 184 164 157 149 147 119 141 1
103 89 91 90 46 93 112 118 136 144 139 135 140 135 138 155 136 129 124 107 102 46 97 2
40 39 48 97 107 98 98 101 107 112 126 155 215 219 234 225 175 122 93 82 101 51 95 4
39 39 38 44 33 103 111 109 117 144 189 210 231 239 224 207 183 140 139 144 148 40 107 4
73 52 61 62 62 62 135 127 143 201 218 222 234 238 219 224 211 182 142 134 135 157 146 5
84 169 114 96 75 130 145 133 150 151 162 163 164 162 148 155 163 152 156 152 148 142 133 1
58 83 59 56 58 51 122 123 162 221 234 228 234 232 232 220 233 163 144 143 138 115 135 5
